31
4
1 1 2 2 3 4 4 4
3
2 4 6 8 7 9
1
0 0
2
4 5 -100 100
3
1 2 2 8 -10 9
21
-5 0 -4 0 -3 0 -2 0 -1 0 0 0 1 0 2 0 3 0 4 0 5 0 0 1 0 2 0 3 0 4 0 5 0 -1 0 -2 0 -3 0 -4 0 -5
16
0 0 0 1 0 2 0 3 1 0 1 1 1 2 1 3 2 0 2 1 2 2 2 3 3 0 3 1 3 2 3 3
15
0 100 -1 99 1 99 -2 98 0 98 2 98 -3 97 -1 97 1 97 3 97 -4 96 -2 96 0 96 2 96 4 96
3
-100 -100 -99 -100 100 -99
3
-100 -100 -99 -100 100 -100
31
0 0 1 0 2 0 3 0 4 0 5 0 6 0 7 0 -1 0 -2 0 0 1 0 2 0 -1 0 -2 0 -3 -1 -1 -2 -2 -3 -3 -4 -4 2 -2 4 -1 3 -2 6 -1 8 0 9 0 -2 2 -4 4 1 -4 0 -4 0 -5 0 -6
8
2 1 2 -1 -1 2 1 2 -2 1 -2 -1 -1 -2 1 -2
9
2 1 2 -1 -1 2 1 2 -2 1 -2 -1 -1 -2 1 -2 0 0
100
-57 -99 -57 -97 -57 -95 -57 -93 -57 -91 -57 -89 -57 -87 -57 -85 -57 -83 -57 -81 -57 -79 -57 -77 -57 -75 -57 -73 -57 -71 -57 -69 -57 -67 -57 -65 -57 -63 -57 -61 -57 -59 -57 -57 -57 -55 -57 -53 -57 -51 -57 -49 -57 -47 -57 -45 -57 -43 -57 -41 -57 -39 -57 -37 -57 -35 -57 -33 -57 -31 -57 -29 -57 -27 -57 -25 -57 -23 -57 -21 -57 -19 -57 -17 -57 -15 -57 -13 -57 -11 -57 -9 -57 -7 -57 -5 -57 -3 -57 -1 -57 1 -57 3 -57 5 -57 7 -57 9 -57 11 -57 13 -57 15 -57 17 -57 19 -57 21 -57 23 -57 25 -57 27 -57 29 -57 31 -57 33 -57 35 -57 37 -57 39 -57 41 -57 43 -57 45 -57 47 -57 49 -57 51 -57 53 -57 55 -57 57 -57 59 -57 61 -57 63 -57 65 -57 67 -57 69 -57 71 -57 73 -57 75 -57 77 -57 79 -57 81 -57 83 -57 85 -57 87 -57 89 -57 91 -57 93 -57 95 -57 97 -57 99
100
-99 37 -97 37 -95 37 -93 37 -91 37 -89 37 -87 37 -85 37 -83 37 -81 37 -79 37 -77 37 -75 37 -73 37 -71 37 -69 37 -67 37 -65 37 -63 37 -61 37 -59 37 -57 37 -55 37 -53 37 -51 37 -49 37 -47 37 -45 37 -43 37 -41 37 -39 37 -37 37 -35 37 -33 37 -31 37 -29 37 -27 37 -25 37 -23 37 -21 37 -19 37 -17 37 -15 37 -13 37 -11 37 -9 37 -7 37 -5 37 -3 37 -1 37 1 37 3 37 5 37 7 37 9 37 11 37 13 37 15 37 17 37 19 37 21 37 23 37 25 37 27 37 29 37 31 37 33 37 35 37 37 37 39 37 41 37 43 37 45 37 47 37 49 37 51 37 53 37 55 37 57 37 59 37 61 37 63 37 65 37 67 37 69 37 71 37 73 37 75 37 77 37 79 37 81 37 83 37 85 37 87 37 89 37 91 37 93 37 95 37 97 37 99 37
100
-57 -22 -56 -21 -55 -20 -54 -19 -53 -18 -52 -17 -51 -16 -50 -15 -49 -14 -48 -13 -47 -12 -46 -11 -45 -10 -44 -9 -43 -8 -42 -7 -41 -6 -40 -5 -39 -4 -38 -3 -37 -2 -36 -1 -35 0 -34 1 -33 2 -32 3 -31 4 -30 5 -29 6 -28 7 -27 8 -26 9 -25 10 -24 11 -23 12 -22 13 -21 14 -20 15 -19 16 -18 17 -17 18 -16 19 -15 20 -14 21 -13 22 -12 23 -11 24 -10 25 -9 26 -8 27 -7 28 -6 29 -5 30 -4 31 -3 32 -2 33 -1 34 0 35 1 36 2 37 3 38 4 39 5 40 6 41 7 42 8 43 9 44 10 45 11 46 12 47 13 48 14 49 15 50 16 51 17 52 18 53 19 54 20 55 21 56 22 57 23 58 24 59 25 60 26 61 27 62 28 63 29 64 30 65 31 66 32 67 33 68 34 69 35 70 36 71 37 72 38 73 39 74 40 75 41 76 42 77
100
-57 84 -56 83 -55 82 -54 81 -53 80 -52 79 -51 78 -50 77 -49 76 -48 75 -47 74 -46 73 -45 72 -44 71 -43 70 -42 69 -41 68 -40 67 -39 66 -38 65 -37 64 -36 63 -35 62 -34 61 -33 60 -32 59 -31 58 -30 57 -29 56 -28 55 -27 54 -26 53 -25 52 -24 51 -23 50 -22 49 -21 48 -20 47 -19 46 -18 45 -17 44 -16 43 -15 42 -14 41 -13 40 -12 39 -11 38 -10 37 -9 36 -8 35 -7 34 -6 33 -5 32 -4 31 -3 30 -2 29 -1 28 0 27 1 26 2 25 3 24 4 23 5 22 6 21 7 20 8 19 9 18 10 17 11 16 12 15 13 14 14 13 15 12 16 11 17 10 18 9 19 8 20 7 21 6 22 5 23 4 24 3 25 2 26 1 27 0 28 -1 29 -2 30 -3 31 -4 32 -5 33 -6 34 -7 35 -8 36 -9 37 -10 38 -11 39 -12 40 -13 41 -14 42 -15
100
-100 -15 -98 -14 -96 -13 -94 -12 -92 -11 -90 -10 -88 -9 -86 -8 -84 -7 -82 -6 -80 -5 -78 -4 -76 -3 -74 -2 -72 -1 -70 0 -68 1 -66 2 -64 3 -62 4 -60 5 -58 6 -56 7 -54 8 -52 9 -50 10 -48 11 -46 12 -44 13 -42 14 -40 15 -38 16 -36 17 -34 18 -32 19 -30 20 -28 21 -26 22 -24 23 -22 24 -20 25 -18 26 -16 27 -14 28 -12 29 -10 30 -8 31 -6 32 -4 33 -2 34 0 35 2 36 4 37 6 38 8 39 10 40 12 41 14 42 16 43 18 44 20 45 22 46 24 47 26 48 28 49 30 50 32 51 34 52 36 53 38 54 40 55 42 56 44 57 46 58 48 59 50 60 52 61 54 62 56 63 58 64 60 65 62 66 64 67 66 68 68 69 70 70 72 71 74 72 76 73 78 74 80 75 82 76 84 77 86 78 88 79 90 80 92 81 94 82 96 83 98 84
100
-100 94 -98 93 -96 92 -94 91 -92 90 -90 89 -88 88 -86 87 -84 86 -82 85 -80 84 -78 83 -76 82 -74 81 -72 80 -70 79 -68 78 -66 77 -64 76 -62 75 -60 74 -58 73 -56 72 -54 71 -52 70 -50 69 -48 68 -46 67 -44 66 -42 65 -40 64 -38 63 -36 62 -34 61 -32 60 -30 59 -28 58 -26 57 -24 56 -22 55 -20 54 -18 53 -16 52 -14 51 -12 50 -10 49 -8 48 -6 47 -4 46 -2 45 0 44 2 43 4 42 6 41 8 40 10 39 12 38 14 37 16 36 18 35 20 34 22 33 24 32 26 31 28 30 30 29 32 28 34 27 36 26 38 25 40 24 42 23 44 22 46 21 48 20 50 19 52 18 54 17 56 16 58 15 60 14 62 13 64 12 66 11 68 10 70 9 72 8 74 7 76 6 78 5 80 4 82 3 84 2 86 1 88 0 90 -1 92 -2 94 -3 96 -4 98 -5
100
-54 -10 -54 0 -54 10 -54 20 -54 30 -54 40 -54 50 -54 60 -54 70 -54 80 -44 -10 -44 0 -44 10 -44 20 -44 30 -44 40 -44 50 -44 60 -44 70 -44 80 -34 -10 -34 0 -34 10 -34 20 -34 30 -34 40 -34 50 -34 60 -34 70 -34 80 -24 -10 -24 0 -24 10 -24 20 -24 30 -24 40 -24 50 -24 60 -24 70 -24 80 -14 -10 -14 0 -14 10 -14 20 -14 30 -14 40 -14 50 -14 60 -14 70 -14 80 -4 -10 -4 0 -4 10 -4 20 -4 30 -4 40 -4 50 -4 60 -4 70 -4 80 6 -10 6 0 6 10 6 20 6 30 6 40 6 50 6 60 6 70 6 80 16 -10 16 0 16 10 16 20 16 30 16 40 16 50 16 60 16 70 16 80 26 -10 26 0 26 10 26 20 26 30 26 40 26 50 26 60 26 70 26 80 36 -10 36 0 36 10 36 20 36 30 36 40 36 50 36 60 36 70 36 80
94
0 0 1 0 2 0 3 0 4 0 5 0 6 0 7 0 8 0 9 0 10 0 11 0 12 0 13 0 14 0 15 0 16 0 17 0 18 0 19 0 19 1 19 2 19 3 19 4 19 5 19 6 19 7 19 8 19 9 19 10 19 11 19 12 19 13 19 14 19 15 19 16 19 17 19 18 19 19 0 19 1 19 2 19 3 19 4 19 5 19 6 19 7 19 8 19 9 19 10 19 11 19 12 19 13 19 14 19 15 19 16 19 17 19 18 19 0 1 0 2 0 3 0 4 0 5 0 6 0 7 0 8 0 9 0 10 0 11 0 12 0 13 0 14 0 15 0 16 0 17 0 18 1 1 3 3 5 5 7 7 9 9 11 11 13 13 15 15 17 17 1 18 3 16 5 14 7 12 9 10 11 8 13 6 15 4 17 2
100
85 -89 73 -41 -15 46 46 -8 65 -34 -67 -36 -54 -31 95 0 -22 -9 86 -60 17 -66 -24 -5 89 -25 52 30 61 -46 97 15 87 -45 4 -53 78 98 -86 60 75 -17 59 -79 75 -66 -23 45 -66 -13 10 -52 75 -2 -15 69 78 54 60 10 63 100 -25 40 97 -8 -31 -14 43 -92 -75 92 70 -91 16 37 52 -34 9 80 -71 74 94 -18 -16 -48 20 63 57 -13 62 -29 -28 30 -11 -2 84 -36 62 -5 -48 -37 -66 30 45 90 -61 41 -23 -6 46 -91 -93 97 -48 94 36 98 38 -4 -4 29 -76 -3 18 73 57 -28 -73 31 70 -27 -56 -57 76 -43 -52 85 -57 -41 24 -24 68 94 -38 -83 34 41 -51 -67 -23 -24 -59 53 21 79 -8 0 -73 -43 97 -41 98 45 40 -23 -22 29 -39 76 -55 -45 -49 71 80 78 20 20 -99 -82 26 -36 -69 39 1 -74 43 -70 -91 -25 18 56 -69 -68 -43 43 37 -28 77 -54
100
42 30 45 94 -93 44 76 26 74 89 100 -93 -69 -68 26 -70 -45 -57 22 -33 11 -29 64 99 -40 -56 -23 -78 -70 69 -15 -98 33 -43 12 -59 -88 84 81 20 -11 24 -72 -82 68 -37 90 -98 98 7 -14 -77 98 -9 -57 19 61 -4 28 -58 -20 1 -52 6 39 66 -33 -9 24 2 -50 50 56 -71 -44 -35 36 17 -17 -82 71 36 -9 44 71 30 2 54 -53 -81 12 73 -34 -55 5 81 -84 -28 65 50 36 -2 47 12 -39 -61 20 -28 24 58 84 71 67 -40 -75 93 -94 -92 67 -25 33 -69 26 0 83 55 -14 73 -83 -75 2 21 -21 98 49 -71 -57 0 73 -8 -69 65 -48 -54 26 -83 21 -77 14 65 -19 44 92 91 32 -77 49 -79 28 30 71 -45 -7 -62 -40 -55 -22 -75 -60 48 50 -28 83 19 -24 45 -38 67 -14 -69 -93 -65 71 56 0 42 23 -47 -33 -56 98 -89 -72 -66 -43 -63 -18 -22 -26 49
100
89 48 41 -19 38 -72 26 -3 -7 -38 38 12 8 -30 41 96 30 62 24 -89 6 -81 29 -10 -58 -78 7 73 87 60 35 36 74 -20 -34 3 -57 4 -11 -74 -46 -7 62 -32 -63 50 -85 -20 80 31 89 -62 54 82 -25 61 -76 17 -37 -98 27 69 -78 -32 -33 29 91 -82 21 83 70 81 -91 -45 -28 -84 56 39 60 25 -4 38 -61 78 -60 54 -54 7 -49 -90 -41 -86 -96 94 56 13 79 3 -6 -63 -45 -9 -19 16 -17 35 39 -100 83 42 -42 73 63 0 -70 88 53 92 79 63 8 -85 -50 84 47 24 -66 69 -21 -92 89 -16 27 -7 -99 -7 24 64 75 59 -37 -39 77 58 -13 32 45 44 81 47 44 -63 31 -50 11 -89 -22 -16 40 -71 -12 -38 -33 74 -19 -57 -73 -1 -20 62 88 47 29 -93 -41 53 65 55 59 -66 -14 -14 -49 77 68 -49 3 22 -77 84 -70 -81 -13 19 66 -36 -40 -72 -63 -79
100
36 76 -49 33 9 19 -68 19 -11 24 53 57 -33 8 97 21 -86 67 100 -60 -55 63 -53 62 -80 -76 36 98 45 24 12 -15 1 -46 58 -90 60 40 77 42 40 99 -97 21 -1 -14 -74 35 -44 50 -25 94 -22 81 26 93 -83 -65 51 46 40 -56 42 82 -43 -35 -22 69 86 -81 -58 -81 86 42 -47 -50 -98 50 45 -96 -64 88 -50 52 -18 97 55 73 -17 -75 -52 90 10 -1 8 59 100 -6 -82 8 -100 29 32 -32 -96 38 12 74 77 -94 73 -94 14 -54 37 58 -20 68 67 -35 -5 -6 75 15 -66 -86 72 59 86 -80 -2 -42 72 -56 32 0 25 76 10 -50 -86 97 -51 44 30 39 53 -98 42 -1 86 47 57 37 -71 -74 63 39 64 -68 -31 57 -82 43 74 62 -17 -50 50 -30 17 35 40 -41 -41 19 92 -30 -6 69 -26 86 7 -96 -17 -33 -34 57 -89 -86 5 51 71 -91 -62 -91 -28 -16 -45 68
100
5 -66 100 -95 -94 60 26 73 53 -43 17 -39 -64 -70 77 49 12 100 -25 -92 67 -94 -88 99 -97 16 68 -72 66 -64 52 -84 -9 5 26 39 36 -36 95 -64 42 42 -22 89 -43 -41 89 90 -55 -15 32 -53 -10 -1 -55 64 49 -87 -62 -44 -84 -59 78 -40 59 25 86 42 -19 56 100 55 -25 66 94 87 -96 22 28 -47 -32 -20 73 -83 45 -33 55 50 -81 -40 -64 -22 -2 38 -4 -12 45 47 -91 20 49 -63 -28 -4 42 97 -42 79 22 -49 70 87 6 25 24 84 -48 27 -53 85 -44 -83 78 87 -17 97 -88 88 61 -56 -41 -6 -34 7 -16 24 57 0 10 -68 -89 14 100 38 32 -86 8 29 23 -9 -51 87 -53 -42 10 93 -80 -33 51 75 3 -5 14 -93 62 95 51 -58 -56 60 66 4 89 94 30 71 -46 28 12 46 -48 88 -9 -89 42 90 -27 -78 17 -64 -99 76 44 100 33 5 -74 30 -58 36
100
68 -16 -62 -30 7 61 -70 -31 84 -26 56 -61 26 -56 20 -89 -71 -95 24 -7 31 -99 63 -85 -57 -38 -30 45 61 54 74 -68 88 71 -56 11 4 30 50 16 28 -46 25 22 -77 22 -22 -50 6 17 26 63 -56 -37 85 -53 7 100 -28 -99 41 30 76 -57 -59 43 43 45 31 93 -44 16 -6 0 1 -76 78 -8 0 16 71 64 -14 -10 -24 44 26 25 95 40 51 -35 29 29 99 -91 0 44 50 76 -75 -13 47 93 -23 -49 93 -5 20 -82 89 0 21 79 54 -71 -68 73 -62 -78 99 -65 90 -72 100 -65 -3 -21 -64 13 -64 26 -91 56 64 66 82 59 -46 76 41 100 -86 -96 -47 -77 -18 -17 44 -16 64 -71 -64 -60 0 0 -88 42 -56 23 21 -84 -10 -49 -92 34 -98 76 40 -21 83 -52 60 33 -61 51 62 51 21 -74 -100 -58 27 34 76 22 51 -90 42 55 -30 1 -52 -74 31 -22 44 86 -72 -21
100
17 -9 28 79 -59 30 97 66 -57 -51 -17 88 -6 -93 -67 -48 59 -37 51 90 -66 -98 70 16 -37 21 8 -12 -50 -9 -27 -68 -33 -16 24 68 -12 29 -91 100 -98 -85 -20 71 13 70 67 97 13 -42 -32 92 98 -91 96 59 23 -4 52 -46 -39 -74 -52 31 -45 59 8 15 -73 -35 -29 5 -17 37 38 9 74 15 32 8 -22 13 -50 -38 77 27 56 42 -82 75 -78 -36 96 -96 62 46 -3 -72 -90 -58 73 -18 -21 -57 -85 47 -63 -40 39 -53 99 -67 -94 -46 -92 97 5 10 -12 -11 -19 64 49 15 -14 -77 -77 94 55 -83 5 -30 -64 55 73 12 4 58 79 70 45 88 43 28 11 -1 92 -37 -75 32 -78 47 64 12 -23 30 -50 21 -74 -18 42 -38 46 -49 95 -49 50 -10 77 24 -57 15 18 66 -2 -36 67 6 23 -34 -7 80 72 52 -43 -45 73 22 -80 12 54 39 -55 19 -71 36 -6 66 24 -11
100
61 92 -46 -27 -44 -73 -37 -72 -90 25 59 18 -49 -53 -73 -23 13 -37 -20 -62 37 -29 85 -91 15 38 22 84 -41 7 -23 27 -79 31 -73 40 -81 -81 -32 17 92 -78 62 -61 -35 31 -77 89 46 -98 -27 38 54 -56 -100 -56 61 9 6 83 50 -25 85 38 47 15 -52 21 5 -90 75 41 69 -16 85 68 89 -29 -73 -27 -58 62 -53 70 -77 10 16 6 -7 -89 71 -75 49 9 65 60 62 41 18 45 21 -10 50 -84 53 -97 52 47 -52 -12 -80 -60 18 -71 77 -86 -14 54 100 79 -81 -46 71 11 3 -58 -9 49 17 -92 -80 -59 1 44 13 79 -37 -7 78 43 47 -74 -9 5 -19 23 -37 -32 -31 -35 2 44 50 -62 19 65 -7 35 -33 76 -4 41 68 48 53 -20 -44 76 -53 -39 -54 -72 -80 54 48 72 -69 70 -6 -83 -80 77 53 -86 -10 96 -92 100 41 -64 -34 -77 25 51 30 28 70 -87 62 -29
100
24 -58 -93 84 9 31 -73 -4 30 -10 -43 -4 -96 94 -77 1 99 70 12 69 50 -63 -12 84 12 -5 43 52 57 -24 55 -71 86 89 -30 13 -90 -48 -78 -81 -41 -53 -24 -91 -55 -39 -81 -72 -44 -96 70 32 26 -79 69 -37 -72 -75 12 -1 -68 -89 -22 41 -72 -55 84 -81 -77 -95 81 -96 -22 84 100 -86 90 24 -65 41 54 58 -72 -53 48 -7 -94 78 -68 -99 34 68 37 69 58 91 66 96 -48 -70 20 -4 81 -72 -5 -6 73 -49 61 46 -25 -16 -78 17 64 95 -18 65 35 57 56 1 76 -35 -50 20 -40 3 -7 -93 74 90 48 -46 69 77 -34 43 -81 88 -32 -2 -43 -67 -10 59 -91 72 -69 70 -23 47 44 -79 -30 -95 -1 -51 8 -16 -40 -17 -71 -64 -85 -96 -14 -46 11 31 9 95 -6 74 -94 -32 47 95 41 -27 99 -63 89 -91 -12 -32 68 33 -66 43 -72 -15 -29 -66 -11 -75 92 6 -87 63
100
-41 -25 26 70 -91 69 -46 70 -55 33 -51 29 83 25 66 2 45 45 -98 -18 -92 -85 -95 38 -73 -34 42 44 -15 6 53 34 -10 -96 -1 7 72 -10 26 -62 87 -7 -90 -44 73 97 -37 11 93 95 -39 -83 8 -30 42 -94 -70 -88 60 -29 77 70 72 6 20 32 -89 29 -90 61 -2 -1 -92 -79 -86 4 7 -72 27 -68 -90 50 -1 -98 45 49 67 67 -85 34 -33 -94 85 -8 -56 22 15 24 92 -51 95 -69 57 -21 73 -36 60 -78 95 -84 45 69 -12 63 40 -82 -69 -14 20 97 35 -33 33 -48 -12 -39 -76 59 40 -68 21 -87 65 34 55 -87 -47 82 35 -19 9 51 1 38 53 -92 -14 73 -24 45 -69 94 -40 -9 6 -60 -35 -2 -39 -30 70 33 12 -25 26 38 37 -45 -39 64 -1 -42 24 -44 70 -26 92 -40 38 -44 -48 88 24 75 -86 -6 -22 6 -67 -92 -70 -36 32 6 46 97 -70 19 80 -26
