4   0   0  100   0   100 100     0 100
4  20  20   80  20    80  80    20  80
1
4  20  10   30  10    30  20    20  20
4  50  50  250  50   250 200    50 200
6 100 100  150 100   150 150   200 150  200 200  100 200
2
5  50  50   70  50    70  60    60  70   50  70
4 150 100  250 100   250 120   150 120
4   0   0    1   0     1   1     0   1
4   0   0    1   0     1   1     0   1
0
4   0   0  500   0   500 500     0 500
4 100 100  400 100   400 400   100 400
8
4   0   0  100   0   100 250     0 250
4   0 250  100 250   100 500     0 500
4 100   0  250   0   250 100   100 100
4 250   0  400   0   400 100   250 100
4 400   0  500   0   500 250   400 250
4 400 250  500 250   500 500   400 500
4 100 400  250 400   250 500   100 500
4 250 400  400 400   400 500   250 500
4  500  500  2500  500  2500 2500   500 2500
4 1000 1500  1500 1000  2000 1500  1500 2000
4
3  500  500  1000  500   500 1000
3 2000  500  2500  500  2500 1000
3  500 2500   500 2000  1000 2500
3 2000 2500  2500 2000  2500 2500 
8    0   0  100  50  200   0  150 100  200 200  100 150   0 200   50 100
8  100  75  110  90  125 100  110 110  100 125   90 110  75 100   90  90
4
3   50 100  100 150   25 175
3  150 100  175 175  100 150
3   50 100   25  25  100  50
3  100  50  175  25  150 100
10   0   0  200  50  150  75  300  50  400 150  600 300  500 800  400 500  200 700    0 900
8   50  50  300 200  380 180  400 350  360 500  300 400  200 550  250 300
1
4   20 200  120 200  220 300  120 300
0

