100
5 5 5 4 4
11 10 10 2 8
20 19 19 3 5
14 6 14 14 8
19 13 11 2 3
10 5 3 4 3
10 2 7 9 6
11 2 10 11 11
9 9 2 8 4
11 8 6 7 8
10 2 2 4 9
17 3 6 16 12
11 1 7 8 9
12 12 3 7 1
20 1 3 5 9
12 10 3 10 11
20 7 2 14 9
15 9 10 5 7
12 11 9 12 5
16 8 3 12 2
20 19 3 10 2
9 3 5 4 7
6 4 3 6 1
10 6 5 3 1
19 7 13 6 2
20 11 2 17 16
19 1 14 4 7
18 17 4 17 17
17 15 17 5 16
8 8 2 8 2
5 5 4 2 4
17 8 1 9 9
17 17 3 12 7
6 6 1 6 3
10 6 2 3 1
10 7 5 1 7
4 1 4 1 1
6 1 6 2 1
11 4 5 11 6
9 8 7 2 6
11 11 7 11 11
16 1 8 12 9
17 13 5 2 10
6 5 1 6 2
15 1 11 4 4
12 4 11 12 9
10 9 9 1 7
12 6 6 3 2
12 1 7 11 5
7 2 5 6 7
7 6 6 5 4
5 5 3 1 4
6 5 3 6 6
4 3 1 1 2
8 3 4 6 4
8 5 5 6 4
6 3 3 4 2
15 4 7 10 1
5 3 1 3 1
11 11 7 9 10
13 10 10 8 4
5 5 4 3 1
19 15 1 13 13
8 5 7 2 4
17 11 4 11 1
11 3 1 3 7
11 9 1 6 2
12 11 12 7 7
9 6 8 9 6
16 4 2 6 1
17 14 2 13 13
20 19 7 3 2
17 9 10 7 3
14 11 2 9 5
5 3 5 4 5
12 3 6 10 11
4 3 3 1 3
6 6 1 6 3
8 6 7 3 1
13 5 11 10 4
7 5 4 1 2
12 3 12 5 9
15 13 6 9 8
12 8 12 10 8
7 6 6 7 7
16 9 2 10 6
13 4 13 11 9
12 5 12 9 10
4 3 3 4 2
12 9 9 12 2
8 5 7 8 1
7 5 5 2 7
7 5 4 3 5
4 1 3 1 4
19 8 19 15 8
4 2 3 4 1
5 4 4 5 5
15 2 1 8 13
11 8 9 9 7
12 9 3 11 4
