2 2 5
1 1 N
3 2 3 5 N
3 3 6
3 1 5 6 Y
3 1 4 6 Y
4 1 2 5 6 N
8 5 2
0 Y
1 2 N
1 1 Y
0 Y
1 2 Y
2 1 2 N
2 1 2 Y
1 2 Y
3 1 4
4 1 2 3 4 Y
2 3 4 Y
3 1 2 4 Y
10 9 7
4 2 3 4 6 N
1 6 N
2 5 7 N
1 7 N
4 2 3 5 6 Y
2 2 5 Y
3 2 5 6 N
4 2 3 4 5 Y
3 1 4 7 N
4 1 3 4 6 Y
5 5 7
4 2 3 6 7 N
5 1 2 4 6 7 N
2 5 6 Y
3 2 5 6 Y
2 1 6 N
9 4 10
6 1 2 3 4 5 10 N
8 2 3 4 5 7 8 9 10 Y
4 1 5 6 8 N
5 2 4 7 8 10 Y
5 1 4 5 8 10 Y
2 2 9 Y
8 1 4 5 6 7 8 9 10 N
7 2 4 5 6 7 9 10 Y
7 1 3 4 5 8 9 10 N
1 1 2
2 1 2 Y
8 8 4
1 1 N
3 2 3 4 Y
3 1 3 4 N
2 3 4 Y
2 2 3 N
2 2 3 Y
2 1 2 N
3 2 3 4 Y
6 4 3
2 1 2 N
2 2 3 N
1 3 Y
1 3 Y
1 3 N
1 1 N
4 4 9
6 1 2 3 4 7 8 N
8 1 2 4 5 6 7 8 9 Y
2 5 8 Y
5 1 2 3 4 6 N
10 10 7
0 N
3 3 5 7 N
3 1 6 7 N
4 1 3 4 5 Y
5 2 3 4 5 6 Y
6 1 2 4 5 6 7 N
3 1 3 7 Y
4 1 3 5 6 Y
3 1 2 3 N
5 1 2 4 5 6 N
9 8 9
4 2 3 5 9 N
5 1 2 3 4 6 N
6 1 2 3 6 7 9 Y
4 4 6 7 9 N
4 3 5 7 8 N
7 1 2 3 5 6 7 8 Y
5 1 2 4 7 9 Y
4 2 4 7 8 Y
5 3 5 6 7 8 Y
7 5 10
5 4 5 7 8 9 N
6 2 3 4 7 8 9 Y
6 1 3 5 6 7 8 Y
3 6 7 9 Y
6 1 3 4 5 6 10 Y
4 1 2 3 6 N
5 1 4 5 7 9 N
6 5 7
3 3 5 7 Y
3 1 4 7 N
6 1 2 3 4 6 7 Y
6 1 2 4 5 6 7 N
4 1 3 4 6 N
1 4 Y
10 4 10
3 1 3 5 Y
4 1 3 4 5 Y
5 2 4 5 8 9 Y
6 1 2 3 5 8 10 Y
3 1 7 8 N
7 1 2 3 4 5 8 10 N
4 1 6 7 8 N
5 6 7 8 9 10 Y
7 2 3 4 5 6 7 10 Y
6 1 4 6 7 8 10 N
2 1 7
7 1 2 3 4 5 6 7 Y
6 2 3 4 5 6 7 N
10 4 5
2 1 4 N
1 2 N
3 1 4 5 N
4 2 3 4 5 N
3 2 3 5 N
2 4 5 Y
1 2 Y
3 1 2 4 N
2 1 5 Y
3 1 2 3 Y
9 6 4
2 1 2 N
1 4 Y
3 2 3 4 N
3 1 3 4 Y
1 2 Y
4 1 2 3 4 Y
3 1 2 3 N
4 1 2 3 4 N
2 1 3 Y
4 1 6
5 1 2 3 4 6 N
4 2 3 4 5 N
3 2 3 6 Y
4 2 3 5 6 Y
2 1 7
7 1 2 3 4 5 6 7 N
6 2 3 4 5 6 7 Y
7 3 4
0 N
4 1 2 3 4 Y
0 Y
1 2 N
3 1 2 3 N
2 3 4 Y
2 2 3 N
7 5 8
4 1 2 4 5 N
7 1 3 4 5 6 7 8 N
4 4 5 6 8 N
5 1 2 3 4 7 N
8 1 2 3 4 5 6 7 8 Y
6 2 3 5 6 7 8 Y
4 2 5 6 7 Y
8 2 1
0 N
1 1 N
1 1 N
1 1 N
1 1 N
0 Y
1 1 Y
0 N
10 4 1
1 1 Y
1 1 N
1 1 Y
1 1 N
0 N
0 N
0 Y
1 1 Y
0 N
1 1 N
7 6 7
5 1 3 4 5 6 Y
3 1 5 6 N
2 6 7 N
6 1 2 3 4 5 7 Y
6 1 2 3 5 6 7 Y
0 N
4 1 3 4 6 N
5 5 3
2 1 2 N
3 1 2 3 Y
2 1 2 N
3 1 2 3 N
3 1 2 3 Y
2 2 10
4 1 3 5 8 N
5 2 4 5 7 10 N
6 2 1
1 1 Y
1 1 N
1 1 N
0 Y
0 N
1 1 Y
2 2 6
6 1 2 3 4 5 6 Y
3 3 4 5 Y
3 3 1
1 1 N
1 1 Y
1 1 N
8 6 1
1 1 N
1 1 N
0 N
1 1 Y
0 Y
0 Y
1 1 Y
1 1 N
3 1 10
6 1 2 3 7 9 10 Y
10 1 2 3 4 5 6 7 8 9 10 N
3 1 5 10 Y
1 1 8
8 1 2 3 4 5 6 7 8 Y
1 1 10
4 3 8 9 10 N
10 4 2
1 2 Y
1 1 Y
2 1 2 Y
2 1 2 N
2 1 2 N
2 1 2 N
1 2 Y
2 1 2 N
0 Y
0 Y
10 5 6
3 1 3 4 N
4 2 3 4 5 N
1 1 Y
2 3 4 N
1 5 Y
3 2 4 5 Y
3 1 3 4 Y
4 1 2 3 5 Y
1 5 Y
6 1 2 3 4 5 6 Y
9 7 8
3 1 4 8 N
6 1 2 3 4 5 7 N
5 1 4 5 6 8 Y
5 1 4 5 7 8 N
4 3 4 5 6 Y
4 2 3 4 7 Y
4 1 3 6 7 N
5 2 3 4 5 6 Y
5 1 3 6 7 8 N
4 2 5
1 1 Y
4 2 3 4 5 Y
3 3 4 5 N
3 1 2 4 N
6 1 3
1 1 N
1 3 N
0 N
2 2 3 Y
2 1 3 N
1 1 N
3 2 4
1 3 N
2 1 3 N
2 2 4 N
3 3 9
5 1 2 4 6 7 Y
5 2 3 5 6 9 N
9 1 2 3 4 5 6 7 8 9 N
9 9 4
4 1 2 3 4 Y
0 Y
1 3 N
1 3 Y
3 1 3 4 N
2 1 3 Y
2 1 3 Y
3 2 3 4 N
0 Y
10 9 3
1 2 N
2 1 2 Y
3 1 2 3 Y
1 1 N
2 2 3 Y
2 1 2 N
0 N
2 1 2 Y
2 1 2 N
2 1 2 Y
5 4 2
1 1 Y
2 1 2 Y
1 1 Y
1 2 Y
1 1 N
10 3 9
5 2 3 6 7 8 Y
4 3 6 8 9 N
4 2 3 7 8 Y
5 3 4 5 6 8 Y
7 1 2 3 5 6 7 8 N
7 1 2 3 4 5 7 9 N
5 1 3 4 8 9 N
4 1 2 7 8 N
5 1 2 3 4 8 Y
5 2 3 5 7 8 Y
5 2 4
1 4 N
2 1 4 N
3 2 3 4 Y
3 1 3 4 Y
2 2 4 N
10 5 2
1 2 N
0 N
1 2 Y
1 1 N
0 N
1 1 N
1 1 N
1 1 Y
1 2 Y
0 Y
6 5 4
2 2 3 N
2 1 2 N
3 1 2 4 N
3 1 2 3 Y
2 1 4 N
1 3 N
5 1 9
6 1 2 4 5 8 9 Y
5 1 2 6 8 9 N
6 1 2 3 5 6 7 N
4 2 3 5 9 N
3 2 5 8 N
4 3 3
2 1 3 N
3 1 2 3 N
2 2 3 N
2 1 2 Y
3 1 3
2 1 2 Y
1 2 Y
0 Y
9 8 9
5 1 3 6 7 9 N
4 1 3 4 5 Y
5 2 5 7 8 9 N
6 1 2 3 6 7 8 Y
4 4 7 8 9 Y
5 3 4 5 6 8 Y
5 4 5 6 7 9 Y
5 1 2 4 6 9 Y
3 2 4 7 Y
9 5 1
0 Y
0 Y
0 Y
1 1 N
1 1 N
1 1 Y
0 Y
0 Y
0 Y
7 6 5
2 1 4 Y
3 1 4 5 N
2 3 5 N
2 1 5 N
5 1 2 3 4 5 N
4 1 2 4 5 N
4 2 3 4 5 N
10 1 5
5 1 2 3 4 5 N
3 1 3 5 Y
2 1 2 Y
4 1 3 4 5 Y
4 1 3 4 5 Y
1 1 N
2 4 5 N
3 2 4 5 N
4 1 2 3 4 Y
2 1 5 N
7 7 3
0 N
2 2 3 N
3 1 2 3 Y
3 1 2 3 N
1 3 Y
2 1 2 Y
1 3 Y
6 4 5
4 1 2 3 5 N
2 1 5 N
2 4 5 Y
2 3 5 N
1 2 Y
2 4 5 Y
9 7 10
7 1 2 3 4 5 7 8 N
8 2 3 4 5 6 8 9 10 Y
6 1 4 5 6 9 10 N
6 2 3 5 6 8 9 N
7 2 3 6 7 8 9 10 N
5 1 3 4 7 9 N
7 1 2 3 4 6 7 8 Y
5 2 3 4 5 9 N
6 1 2 4 5 9 10 N
1 1 5
5 1 2 3 4 5 N
4 1 8
5 2 3 4 7 8 N
8 1 2 3 4 5 6 7 8 N
3 1 2 5 Y
2 5 8 N
10 3 5
3 1 2 4 N
2 1 5 Y
4 1 2 3 5 Y
2 2 4 Y
0 Y
2 3 4 Y
3 2 3 4 Y
2 1 3 Y
3 2 4 5 N
3 1 4 5 N
3 1 7
5 1 2 4 5 7 N
4 2 3 5 7 Y
4 1 3 4 6 N
4 4 6
4 2 3 4 5 Y
3 1 2 3 Y
4 2 3 5 6 Y
4 2 3 4 6 N
7 1 1
0 N
0 Y
0 N
1 1 N
1 1 Y
0 N
0 N
10 5 5
2 4 5 N
5 1 2 3 4 5 Y
4 1 2 3 4 Y
0 N
2 1 4 N
4 1 2 4 5 N
1 1 Y
5 1 2 3 4 5 Y
3 1 4 5 N
4 1 3 4 5 N
2 1 1
1 1 Y
0 N
2 1 5
2 1 4 Y
1 1 N
6 4 3
2 1 3 N
2 1 2 Y
2 1 3 Y
1 1 N
1 1 N
1 3 N
3 1 10
10 1 2 3 4 5 6 7 8 9 10 N
6 3 4 5 6 7 10 Y
5 5 6 7 9 10 Y
2 1 1
1 1 N
0 Y
3 2 1
0 Y
0 N
0 N
8 1 1
1 1 N
0 N
1 1 N
1 1 Y
0 N
1 1 Y
1 1 N
1 1 Y
10 2 6
3 1 2 6 N
1 4 N
3 1 3 4 N
4 1 3 5 6 Y
3 4 5 6 Y
3 3 4 5 Y
4 1 2 4 6 N
4 1 2 4 6 N
3 2 4 5 Y
3 4 5 6 Y
3 2 4
2 1 4 N
2 1 4 Y
2 2 3 Y
5 1 8
5 1 4 5 6 8 Y
4 1 3 4 6 N
4 2 3 5 7 N
4 3 4 5 6 Y
5 1 2 4 7 8 Y
1 1 10
2 1 3 Y
6 3 3
3 1 2 3 Y
1 2 N
2 2 3 Y
1 2 Y
1 1 N
3 1 2 3 N
7 7 10
8 1 2 3 4 5 6 7 9 Y
7 3 4 6 7 8 9 10 Y
8 2 3 4 5 6 8 9 10 Y
9 2 3 4 5 6 7 8 9 10 Y
7 1 3 4 6 7 8 10 N
2 1 10 N
5 3 5 6 7 10 Y
7 4 10
4 2 4 9 10 Y
5 1 2 4 8 9 Y
6 1 2 4 6 7 10 Y
7 3 4 5 6 7 8 10 Y
7 1 4 5 7 8 9 10 N
5 5 6 8 9 10 N
5 1 2 4 8 10 Y
2 2 10
5 1 2 5 7 8 Y
1 3 Y
2 1 7
7 1 2 3 4 5 6 7 Y
4 1 3 6 7 N
9 2 7
5 1 3 4 5 6 Y
4 2 3 4 6 N
5 2 3 4 6 7 N
3 1 4 6 Y
2 3 7 Y
4 1 3 4 5 N
1 7 Y
2 1 7 N
3 2 5 6 N
2 2 6
5 2 3 4 5 6 N
4 1 2 5 6 Y
8 5 7
4 2 4 5 6 N
6 1 2 3 4 5 6 N
3 5 6 7 Y
6 1 2 3 4 5 6 N
4 2 3 4 5 N
4 1 3 5 7 Y
4 1 3 4 6 Y
3 1 5 7 Y
2 2 5
3 1 4 5 N
5 1 2 3 4 5 Y
6 6 5
2 4 5 Y
4 1 2 3 4 N
1 1 N
3 1 2 4 Y
2 3 5 Y
3 3 4 5 Y
4 4 4
1 2 N
1 4 Y
2 1 2 N
4 1 2 3 4 N
3 1 1
0 Y
0 N
0 Y
3 3 1
0 N
1 1 N
0 N
4 2 1
0 N
1 1 Y
0 Y
0 Y
9 2 7
4 1 5 6 7 N
3 4 5 7 Y
3 2 4 7 Y
4 2 3 6 7 Y
1 2 N
1 6 N
3 4 6 7 Y
4 2 5 6 7 N
4 2 4 6 7 Y
10 10 6
4 1 2 3 4 N
3 1 5 6 Y
4 1 2 3 5 Y
4 1 2 3 6 N
4 1 4 5 6 N
1 3 Y
3 1 5 6 N
2 1 6 Y
5 1 3 4 5 6 Y
4 1 2 5 6 N
8 7 7
4 2 3 5 6 Y
3 3 4 7 N
2 2 3 Y
5 1 2 3 5 7 N
4 1 4 5 6 Y
4 1 2 3 6 Y
4 2 3 5 6 Y
6 1 2 3 4 5 7 N
3 3 2
2 1 2 Y
1 1 N
2 1 2 Y
9 9 8
4 3 4 7 8 Y
5 1 2 5 6 7 Y
2 3 6 Y
2 5 7 N
3 1 3 8 Y
4 1 2 5 8 Y
4 2 5 6 8 N
6 3 4 5 6 7 8 N
5 1 5 6 7 8 Y
6 4 4
1 4 N
3 2 3 4 Y
3 2 3 4 Y
3 1 2 4 N
2 1 3 N
2 2 4 Y
1 1 4
4 1 2 3 4 Y
9 4 6
3 4 5 6 Y
6 1 2 3 4 5 6 Y
3 1 5 6 N
4 2 4 5 6 N
2 5 6 Y
3 3 4 6 Y
4 1 3 5 6 Y
4 1 2 3 4 Y
3 2 3 4 N
6 5 8
5 1 5 6 7 8 Y
3 1 2 4 N
3 3 4 7 N
3 1 2 4 Y
7 2 3 4 5 6 7 8 Y
6 1 3 4 5 6 8 Y
0 0 0
