100
90000000000041 54887103893526 14218230242002 53394738390714 11314515455960
90000000001942 20334852919743 437632298335 23855220890203 69547761995617
90000000001869 66349560945378 76504809797869 62353159404537 1436314953826
90000000007644 886071961153 51797533770517 28605539573601 2631943776646
90000000009264 83977128967795 70560383607139 76499219283913 37587662875069
90000000001840 11695576319169 14447095930769 19274582531667 14068668290001
90000000004639 45595397637362 46600863310429 33302952354969 46012403324061
90000000006512 51552114003439 49958721135777 70526139291301 73816031462579
90000000001107 11510686441409 34150833921601 4259863949086 73732141571418
90000000003030 48313437062291 56752771751991 41662871419153 33029630340851
90000000000291 37198774317476 17470336701067 10223726822149 75966161182144
90000000003788 70180448499137 39399917373993 46482585359757 31469953249249
90000000000600 59978850836769 11367373085685 23081706917801 3484985306881
90000000001587 17243820493675 41502346353079 15593764232983 9300077943586
90000000008538 25942210312791 1301854344345 69386111391601 225514319941
90000000002646 83377466185531 7938755866063 10692706300897 4480163289889
90000000007892 41691800233201 47076179438189 13457219774493 79507561168681
90000000000285 59227726784158 83062949660155 8468465134267 16526895184801
90000000003434 69665987464201 50846740735939 72723331421381 25420956049783
90000000002949 880793971201 80961681508676 15547784585263 11728598748049
90000000004313 275950242401 6126408410101 6109003574294 51552420676219
90000000000222 38950471450801 1891740135169 8540910812377 2049862252057
90000000003186 19849767293761 1181527280515 36023250629521 81752919381028
90000000005874 10653895501801 48521009641917 83623927186801 37037683659859
90000000009213 80099806735873 8073317774881 39071952216004 78509647439245
90000000003031 11653791666364 65411817269981 2849844405720 11265282268801
90000000008896 12617963568001 40544957071905 63421431380611 88320157286897
90000000002593 3374111501423 80543339572081 88285016736451 1547063232001
90000000002043 78936071619403 20648054288206 13780206573589 77810857912443
90000000004962 7197508169217 5307072210001 84007628424496 69223756060989
90000000001153 14209880025376 64862116787521 60026315397875 13315075979182
90000000001200 69329714712241 2641576616069 63118001978081 60647230100191
90000000009405 659363604391 14926302051916 13232865189391 78454054346554
90000000003271 48620650224256 26662968760429 27760892162010 55082385030589
90000000002296 57389591836961 31514664832303 86027304460609 269105264641
90000000002848 65884513911841 12106718356321 21217697811457 29460289339321
90000000003850 10567887900327 73542042519153 14386527411661 4386023355421
90000000006641 41227973407119 7731673133185 59964071024686 28412445601
90000000002818 25187478035371 383527116001 16215703925129 29461674488457
90000000009314 61093057877327 27143140399201 15714491127593 39297788371847
90000000007549 22089125390611 29941418783947 7442812710961 43466858261911
90000000005601 66943324631898 23097718141441 33540736161994 4335249400097
90000000005706 78112813161763 36295063161193 85284890815897 944322711589
90000000001539 606952257297 37026316830232 42580208844001 72620048198881
90000000008519 25018661956687 14275446984485 86298968766368 49073836979316
90000000009763 21219897401053 70632985858475 572229481825 31609518637470
90000000005049 6163765821379 44450696551731 20491539309291 17310491100001
90000000007067 64184969389921 50162038155767 56136984260971 84911704759947
90000000003318 5484538396801 29667344359201 71671607075805 24162628952821
90000000005072 54439732822933 10130750288459 36484056478801 33041355182523
90000000008256 10770640433218 12977200512001 13487376402049 21080463671302
90000000001634 1579257037149 86284965520081 45634957895449 1691820034453
90000000007109 53289494088076 68142604623292 87034086843250 37635334250594
90000000004948 7112496040651 87000621936873 24244013612545 606982521601
90000000006504 49846484920213 9743219141293 57447734878227 30191517213025
90000000005269 12999371120821 74098918166809 4735950955311 31947549381574
90000000006085 38616220894941 48838825271511 37699980568271 75942082365813
90000000008689 1357810015381 404787829249 60611368738534 8182737409345
90000000006153 75080385597001 60640017691729 226664100631 64094999371384
90000000007864 5087844780869 83950035073733 46493017573747 18121443482557
90000000009309 53861464867663 71603533004692 48300943631113 71147873503780
90000000001012 32481191391287 43375697007391 68855450851991 33223095907849
90000000005131 28864551326437 18867763113477 81843892760475 51870905792582
90000000001196 37316983205955 25545021280625 33100669034385 26299598740486
90000000007278 11830938411709 2069128369445 87911700467837 79147604541569
90000000004230 4788647103241 30722650731541 4648510151201 83967743960283
90000000008714 56192028091529 88682131451373 4657101571201 32163895881073
90000000008962 42067715105145 23409268261201 75613064271939 16108410788825
90000000000714 16166392912159 478794236761 15564166477105 75448054105999
90000000008373 76837215919657 49148830438451 20866238207383 26845019248321
90000000003805 21296109965196 86775946778424 63198311351001 19657058329215
90000000007968 19281368403013 24879538036081 73532589657061 38181725554501
90000000004902 33255340819799 7341589492521 83504407932001 5284004784259
90000000001012 27319871353857 57724691728897 67054404267933 25863002777405
90000000005945 34674438838446 66058336743169 50775054933960 18751669566332
90000000006948 30737914002273 86931896465701 42569746468003 88623222136261
90000000005677 12600252850285 10493441414658 3603264698842 76989648884401
90000000007185 8760267681985 61021930005271 52048417634011 8187429317761
90000000007713 2937432286174 68808223286263 69248277979651 915577516495
90000000008023 5848902259201 23426189409706 49400565375232 11397686890731
90000000005783 46781473471053 74425314015081 78488769092161 54786820822409
90000000008598 18004060183393 20595089634561 49903599609003 63541967176479
90000000008928 62794522345003 50458407760801 78632746915804 20416385487163
90000000009252 35419247923213 14600422675541 16378557980401 61997122716457
90000000004474 42111504488803 24674163169225 64661595281641 67790456363521
90000000005538 34504341423175 25323231211651 54086718880387 71412303896707
90000000001578 4935034750465 1851401623501 26133842364562 524384057953
90000000003449 71783772032666 3644742843368 32619294217052 51254454435897
90000000001056 84148687265281 18420737595079 42837017796791 206926287121
90000000004680 16395888254329 21948094398691 40523685126625 74237127868641
90000000007296 36978747434497 64301175528777 32804591068705 58730971856689
90000000005565 86286243386305 65385411373481 71012013010069 77704561262105
90000000001577 52770336697970 34363196542353 73562836019933 6460781364631
90000000008551 34182728012784 30226636666441 56414125318446 79809606078616
90000000004611 8352461600001 71285035652608 78792245724877 86736420634600
90000000004882 40115198657117 825510279881 71131322596247 1089127847193
90000000007666 34516152027225 18593921710155 48077650516897 11088582201509
90000000005821 63447619496888 77881832970026 31242028270188 85329033672961
90000000001643 35966414885341 14001693759771 86288245842241 32975743676545
90000000003245 3443114538801 21696512600276 4859247207896 52763986125358
