110
1 0 2 2
1 1 1
5 1 6 6
1 1 1
1 5 2
5 1 3
5 5 4
3 3 5
1 0 20000 20000
1 1 19999
1 0 20000 20000
1 19999 19999
1 0 20000 20000
19999 1 19999
1 0 20000 20000
19999 19999 19999
4 0 20000 20000
1 1 1
1 19999 3
19999 1 4
19999 19999 6
4 1 20000 20000
1 1 1
1 19999 3
19999 1 4
19999 19999 6
4 2 20000 20000
1 1 1
1 19999 3
19999 1 4
19999 19999 6
4 3 20000 20000
1 1 1
1 19999 3
19999 1 4
19999 19999 6
5 0 20000 20000
1 1 1
1 19999 3
19999 1 4
19999 19999 6
10000 8765 13
5 1 20000 20000
1 1 1
1 19999 3
19999 1 4
19999 19999 6
10000 8765 13
5 2 20000 20000
1 1 1
1 19999 3
19999 1 4
19999 19999 6
10000 8765 13
5 3 20000 20000
1 1 1
1 19999 3
19999 1 4
19999 19999 6
10000 8765 13
5 4 20000 20000
1 4 1
1 19999 3
19999 1 4
19999 19999 6
10000 8765 13
10 7 10000 20000
1 17 83
1 27 99
1 244 102
1 834 17
1 987 14
1 1687 27
1 2777 16
1 3124 300
1 4874 100
1 8765 85
10 2 10000 20000
1 17 83
1 27 99
1 244 102
1 834 17
1 987 14
1 1687 27
1 2777 16
1 3124 300
1 4874 100
1 8765 85
10 0 10000 20000
1 17 83
1 27 99
1 244 102
1 834 17
1 987 14
1 1687 27
1 2777 16
1 3124 300
1 4874 100
1 8765 85
4 3 2 20000
1 1234 4475
1 4872 3608
1 12987 3104
1 16732 4000
4 0 2 20000
1 1234 4475
1 4872 3608
1 12987 3104
1 16732 4000
4 3 2 20000
1 1234 4475
1 4872 3608
1 12987 3104
1 16732 4001
4 1 2 20000
1 1234 4475
1 4872 3608
1 12987 3105
1 16732 4000
4 3 2 20000
1 1234 4475
1 4872 3610
1 12987 3104
1 16732 4000
4 2 2 20000
1 1234 4500
1 4872 3610
1 12987 3104
1 16732 4000
9 5 10 10
5 5 1
6 6 1
7 7 1
4 4 1
3 3 1
4 6 1
3 7 1
6 4 1
7 3 1
9 5 6 6
1 1 1
2 2 1
3 3 1
4 4 1
5 5 1
2 4 1
4 2 1
1 5 1
5 1 1
9 0 6 6
1 1 1
2 2 1
3 3 1
4 4 1
5 5 1
2 4 1
4 2 1
1 5 1
5 1 1
9 1 6 6
1 1 1
2 2 1
3 3 1
4 4 1
5 5 1
2 4 1
4 2 1
1 5 1
5 1 1
9 2 6 6
1 1 1
2 2 1
3 3 1
4 4 1
5 5 1
2 4 1
4 2 1
1 5 1
5 1 1
9 3 6 6
1 1 1
2 2 1
3 3 1
4 4 1
5 5 1
2 4 1
4 2 1
1 5 1
5 1 1
9 4 6 6
1 1 1
2 2 1
3 3 1
4 4 1
5 5 1
2 4 1
4 2 1
1 5 1
5 1 1
9 6 6 6
1 1 1
2 2 1
3 3 1
4 4 1
5 5 1
2 4 1
4 2 1
1 5 1
5 1 1
9 7 6 6
1 1 1
2 2 1
3 3 1
4 4 1
5 5 1
2 4 1
4 2 1
1 5 1
5 1 1
9 8 6 6
1 1 1
2 2 1
3 3 1
4 4 1
5 5 1
2 4 1
4 2 1
1 5 1
5 1 1
4 2 9876 12345
4938 6172 1
4938 6173 1
4939 6172 1
4939 6173 1
4 0 9876 12345
4938 6172 1
4938 6173 1
4939 6172 1
4939 6173 1
4 1 9876 12345
4938 6172 1
4938 6173 1
4939 6172 1
4939 6173 1
4 3 9876 12345
4938 6172 1
4938 6173 1
4939 6172 1
4939 6173 1
19 13 17660 4600
3621 2875 4196
11347 563 8334
16872 1121 12938
12633 2961 9337
11345 2057 3715
5909 2410 16870
12598 3537 4157
4193 3051 2256
1053 2077 6416
15455 3756 17809
1847 2007 3567
14764 2910 9101
13343 3700 11801
4678 1537 9561
2256 2669 9361
16226 3601 8808
10076 2058 4635
8019 1867 18785
16955 2372 15590
55 54 11796 13599
4107 10241 670
5204 3109 2042
5729 3890 15731
7462 4114 6270
7792 2015 6624
4692 550 17199
9581 9660 9608
7555 8964 5637
4935 12288 11701
6582 1615 11418
3724 4606 13156
1786 1744 11380
3046 11018 16247
10167 4134 6626
3634 11946 12433
1361 3614 17447
3467 7076 11141
11626 4805 14366
7559 12543 2768
8785 9866 3818
4608 7889 10768
8765 12660 3864
229 12718 13586
1516 1545 11144
11467 12434 15522
9911 12540 2131
5757 9303 4278
1739 8716 14658
10211 8343 10475
4154 4161 17609
5098 3534 14304
10283 12709 13404
9250 1343 2089
8268 1240 14189
5136 8991 19953
931 9260 13041
6340 9069 9363
9249 2586 16240
11429 11322 1321
2668 4122 7206
5004 8061 13122
11563 9928 3647
2124 9904 10934
5354 8378 17884
6310 3467 637
8655 13452 12009
1614 7337 17079
7197 8571 8863
6035 2450 12735
8764 8392 14302
876 8273 1137
2168 4792 1020
8428 6530 11783
4805 4708 19122
3478 5514 525
11 5 17646 8838
6408 3403 2451
17337 2760 18999
14181 1686 17406
12681 248 9725
2038 1578 12074
10872 3243 3787
11252 4576 5026
3945 3101 4119
10326 3058 19517
4401 5465 15949
10602 1372 6402
46 27 19226 6401
9944 1600 16311
44 1030 359
18718 2040 4040
16984 2958 4089
17465 1568 8650
18447 1887 17962
14574 5847 12839
15858 838 19799
1821 1985 3593
4944 1716 10641
17375 3843 19955
13118 3719 5985
17985 2411 95
3845 5377 4745
7291 2989 9012
1935 6361 8795
10229 5320 12433
15294 368 9133
2988 6280 8914
7535 6172 16488
11816 36 15759
11621 673 17929
18408 2823 12395
11293 4542 25
16647 5804 7894
14932 995 13664
17975 1698 13520
15747 512 14976
13354 5039 11872
14126 2168 17289
15961 2577 17372
2466 2100 16738
13674 3039 15977
8792 1236 11668
3436 6031 13969
13324 1793 15275
14846 2193 13982
1470 4318 8523
17438 2071 17233
15179 3485 3356
9852 1272 15428
12347 302 4595
10305 3242 790
15492 6161 18911
5628 4461 4418
15120 3148 18610
34 32 3846 15067
3354 137 16492
1755 379 7940
36 8666 5727
1860 12595 16027
2524 4137 733
1295 3525 18080
2632 908 10662
3234 13531 1657
1275 2181 18309
689 10813 8756
3028 3859 10350
3542 5463 8330
1413 12224 13668
1129 11680 8733
470 14086 2424
3757 2084 16128
2710 7763 6443
756 8212 4672
1328 2204 11730
3683 1442 12991
3722 11053 3154
70 13969 6619
3471 14104 4857
2131 181 11923
2817 3007 3897
3703 9470 17431
153 10138 6025
339 13024 10110
1 1748 665
913 45 15514
2268 13743 14436
3589 9825 1328
785 1452 10917
3629 4587 14552
99 41 14650 16649
5187 5837 13329
14140 8991 9801
385 9129 2084
2816 278 8313
12926 6158 16773
13988 11942 3994
5178 11943 19617
4730 7581 2206
12908 4156 19156
5956 2748 2524
823 2390 10752
13138 16332 17001
1875 4326 5949
7278 10321 10560
2924 14020 2231
8504 6196 343
14304 8812 12431
5681 5487 4418
8699 13170 15059
8229 410 14250
7007 12806 8417
591 2066 9727
5116 6146 4098
8504 3681 19269
11476 8497 2984
14277 11449 5603
7161 8954 2811
13104 15985 12307
6096 15289 11960
3258 16258 4832
14631 10151 8938
9689 13379 11688
869 1512 16825
2203 13177 7099
2387 14074 124
11673 8611 17087
5944 9229 11557
2470 15105 9568
9129 3614 14819
11316 4660 14403
2098 2821 1564
11225 10888 7349
10688 3367 1510
2189 1151 11210
13786 9870 5
10101 10343 7244
6595 11595 11753
13992 10259 19898
11512 4470 17889
8405 2216 15410
3047 7717 15284
11053 15813 5679
3863 16416 9773
2187 14534 18021
13583 13173 13506
2110 10986 9589
5026 5550 13780
9950 4375 99
8327 9960 14185
1528 3432 880
1804 383 14414
13963 11389 16285
9702 4285 18304
10587 10880 6171
3745 3850 1754
9644 16064 5034
3233 8774 4082
10682 4038 9005
4729 12825 10131
1964 8453 376
11224 9843 14974
12138 8511 6775
2514 14839 9745
2684 754 5821
10192 5954 15784
1049 13609 17770
9470 2618 13375
13457 6070 9612
7851 1969 6464
967 6622 694
4114 3641 9173
1817 2981 6243
5214 401 5581
681 4760 974
3490 2062 4114
9664 12866 800
1573 12269 19285
7754 3398 6951
4506 7572 4151
4874 14867 15892
3520 14256 2092
13267 10550 6974
7599 12369 17858
13169 14736 19600
13494 5898 9366
11075 13304 2297
8228 7845 9446
8170 3532 8252
5740 5939 15226
90 9 10629 1899
9819 1256 4207
5196 1069 8516
79 130 190
1306 517 10289
8111 1706 13576
6970 474 19592
809 1257 8906
2931 1551 18730
1114 1513 97
3489 586 17497
1111 386 6257
9400 274 3678
6517 582 7401
1215 1215 10976
4705 834 15010
10603 1808 11741
5963 1497 13858
5137 1011 4778
4428 675 8659
6444 1178 17426
1268 1256 18137
6590 1535 8164
2802 1849 12285
9303 565 3694
5411 1438 8016
2435 941 14127
61 883 9700
9649 299 14164
7560 978 6014
8340 104 13599
4656 680 13262
8642 945 11936
5666 887 13484
1 1625 17718
7153 1524 18102
534 302 15477
9473 189 9952
8582 1714 12888
7283 865 16664
9686 1252 8321
7457 918 17750
10203 1783 9994
1978 385 11212
9295 111 8015
9965 417 10
47 376 7244
8293 1129 1456
9352 105 16808
2448 2 15859
8916 767 753
2146 253 9117
850 1568 4839
5220 725 16713
4121 175 183
7382 1881 956
8982 539 6968
3573 493 7655
3962 1333 12327
448 814 11121
671 406 19820
4133 921 1067
2896 591 3370
7650 1782 917
55 1756 10556
8539 4 15579
5610 1549 8133
2407 1315 14882
10022 842 6840
2210 778 18818
3384 1635 18483
8602 756 9480
7807 376 6827
4734 49 19159
3875 1755 3614
497 1468 19901
2548 1626 4972
9039 1671 15166
8538 1006 19962
6310 496 6672
4181 1397 2627
8404 1438 3400
1102 271 11230
689 50 15038
5001 305 885
5901 1163 13206
4139 1425 7616
1595 1271 11294
10323 1061 3919
1425 674 8859
8628 759 19659
63 27 19224 5906
17173 244 13460
4472 5724 14546
11640 666 7840
15102 3000 6947
15755 5721 8543
8454 5736 7559
7568 5089 5486
4454 235 15901
1212 3984 4885
713 5337 4043
3308 961 6557
1250 1495 2215
10960 4673 5133
13026 4642 1889
6511 2137 5547
14429 24 182
13815 373 12884
13011 1533 11559
12890 1897 18074
8038 1414 14533
10745 4224 4891
9509 841 14381
18294 3378 8812
13288 5595 19033
4513 3449 8333
19138 5354 1328
1371 2685 13389
4813 1259 10192
12693 3882 7774
12787 3150 12216
8052 4661 6922
626 4535 12869
16161 3620 7103
5002 1985 2154
5068 4768 2687
10320 1163 15394
1729 4072 8941
19165 1881 938
3848 2255 15630
18062 2638 7682
14845 2316 1003
9768 4646 17777
15707 5042 10348
9789 4500 3009
1870 1725 4676
13618 4590 16999
18754 1663 14165
14553 2002 11715
5411 4204 9778
2272 3627 12638
10333 2100 18752
15013 553 12190
10038 4093 4764
17712 4183 14890
98 431 16013
1980 2614 1638
13547 3311 15321
18604 3352 9056
16885 5398 6170
18602 5753 8115
4189 3406 17684
9567 758 4042
7231 2517 11189
80 7 2238 763
1259 576 6545
1347 318 16569
2124 670 19266
45 626 18632
2102 650 11920
967 676 11583
1746 481 1708
1807 552 17056
450 387 17142
924 5 15341
1554 634 18455
1799 379 6272
814 241 11955
1616 444 19572
1455 356 15378
1843 155 4419
784 43 2188
713 223 16625
2139 132 6033
490 614 14705
1059 445 15138
1846 653 19760
1213 271 12166
111 495 4078
154 317 8253
278 440 849
515 329 7544
1308 453 16045
970 735 18996
1058 496 3368
2164 540 3267
1830 319 5987
1259 350 13692
1674 351 2654
218 621 10828
474 652 12246
2130 507 4619
258 590 19414
1876 131 18590
1330 477 7187
825 534 15719
854 668 6890
1176 336 4646
1336 131 12926
108 602 8656
305 354 18418
1845 29 8295
359 530 10980
2183 737 9351
442 671 3782
1802 359 14811
568 705 5037
1119 520 14682
287 474 3900
1615 133 2472
68 762 2606
1749 498 12429
942 662 5227
1232 246 1594
952 253 11130
464 492 1926
1986 554 18704
1948 232 4834
436 659 216
1599 756 15860
613 300 17357
900 252 1611
814 407 10544
865 132 15165
1091 204 207
784 478 14292
1587 5 17920
1201 739 12451
552 149 329
555 85 19311
1202 695 12939
502 529 13811
1605 533 11100
771 200 8278
1352 594 12304
98 25 759 2023
383 918 9650
641 1747 13128
199 539 2050
152 506 5118
668 1953 15930
406 1365 12446
636 245 17614
431 782 1335
61 1517 11679
524 794 18112
173 1807 9067
201 1154 19727
267 139 17346
563 984 15992
425 968 2860
259 108 90
722 427 13362
322 102 3016
142 794 773
645 827 2436
34 845 500
463 983 83
126 926 5890
85 1266 288
270 1085 3443
74 776 4500
665 1020 17284
527 807 3072
607 1248 5700
503 1250 17484
694 439 10873
377 1002 10432
347 164 4436
736 1618 1306
274 1732 11607
86 1999 509
452 1205 5424
397 871 7010
588 1585 19188
564 890 17444
187 668 4401
362 350 17808
175 261 9637
318 1295 8324
103 730 258
611 880 2069
606 1983 13617
298 786 17477
56 14 8559
481 703 6544
745 902 15601
285 229 5970
462 29 8076
544 706 1641
577 1810 103
53 1244 4914
248 1944 5599
56 1206 5270
644 730 9336
395 336 12885
456 1252 3371
727 1467 5824
585 959 11432
633 1212 15946
72 1770 2937
712 1313 7584
712 136 6448
515 1686 15853
496 592 16901
526 284 6339
131 1620 8382
33 259 16540
517 314 16483
403 1846 12045
80 389 5193
445 1304 1835
199 1775 12909
342 766 6745
353 383 3374
81 1184 14894
187 1105 3018
699 1273 2910
451 1118 1485
299 877 16084
610 916 17724
494 1544 15086
7 1097 19898
566 782 4787
49 1322 17637
579 1847 8856
243 1840 8960
654 1303 958
693 1096 16407
143 1853 17229
274 1571 6648
317 2014 11923
365 1786 17271
246 1035 2208
30 1 6564 11271
4797 8428 15487
1628 11034 15269
4420 9754 1253
543 10776 19136
1223 5936 15763
6530 1558 17180
369 8625 13867
3170 4223 9025
1500 1113 7636
5073 1780 19565
5347 467 10236
156 9101 19317
2041 10266 7902
2645 156 8483
2939 10817 10681
2717 1430 16668
5961 1885 13724
5230 2946 11085
4501 3171 16808
4669 2513 17283
686 9263 2214
5747 2409 1238
2333 8431 5957
6478 237 6182
2256 9939 9684
1196 1318 15027
5447 7356 2918
436 337 17007
1607 2742 4734
79 10420 10325
25 10 3949 17113
2125 7767 5875
2452 13104 19201
3318 631 3579
1373 15577 974
3846 16147 5030
1110 7923 12725
1568 4463 18246
2737 9687 18794
115 3151 1700
168 13242 3209
516 11224 13490
1954 9512 19425
3161 4358 16709
94 3477 1120
952 11568 18889
2965 6139 5270
1892 1824 7379
2988 1989 13214
1682 9902 2220
288 8153 3300
3683 3820 1540
2603 7652 14139
3354 2765 13796
976 11808 11100
3374 950 8180
76 69 190 13279
126 7822 19292
66 13000 7328
43 6167 15022
141 5135 19281
112 8844 2931
185 204 17555
140 1155 18566
155 6965 18341
81 2281 11760
30 6050 12672
29 1181 3491
126 10241 7983
1 10523 3139
107 1720 17737
162 2697 18759
66 3906 19375
15 5131 15147
182 11981 14829
87 2496 15015
134 7730 7589
109 4128 5056
90 758 9649
130 4058 5959
30 2928 5192
59 4007 18670
122 8217 6764
81 8007 17313
155 5472 8736
87 10545 8796
163 3769 5487
125 7483 5924
11 3754 16770
93 9242 10250
189 123 14479
35 3898 17145
30 8283 8486
140 8958 10202
150 12818 2128
11 7055 18337
95 10515 15269
145 5620 13956
160 8705 18288
7 7364 12923
177 2690 244
67 5869 18829
82 7503 16654
34 12356 19618
133 6151 16760
5 7068 14515
65 8465 3893
39 6873 8658
62 5958 2373
59 3831 13343
144 3826 8584
1 3422 15531
43 1186 14487
35 5430 17277
141 1933 172
77 7751 8526
144 8436 11372
116 7631 16231
20 3311 14700
110 4828 9636
15 5490 11996
144 11743 7581
3 1160 6029
95 13233 1662
67 894 3542
146 3210 15729
165 2712 13168
172 1957 13431
29 9562 15608
165 6535 9119
12 9922 19293
80 2214 19702
175 9347 18154
78 4 15107 18177
1108 16487 15601
10664 1866 3828
11325 10556 18416
8902 8162 11347
2848 9346 16070
10052 12114 18669
14201 14467 9449
5898 17527 6714
7389 2832 33
1082 9173 7393
4819 5157 17440
150 1617 17888
2964 14650 19410
6653 14213 6594
4504 8745 19564
3238 1219 3807
4208 13494 16986
4796 7082 17995
8745 3264 16237
5476 3422 13425
1854 4355 9150
14548 7527 7342
6442 11655 2986
12474 9768 14751
837 15273 17142
9816 9721 5240
6976 5316 5778
2622 6628 17545
6438 12668 12996
8775 11769 15970
3181 10919 3620
7433 17742 10034
8162 11224 17986
12431 7063 1367
8867 6280 3658
8735 8797 18308
14226 8675 19253
5266 8670 9309
15059 14637 19968
10846 11138 6663
3815 719 10238
6671 14837 15138
15028 9986 12499
6063 13541 5945
2730 13591 4751
14539 12122 18117
4116 11872 10884
10115 16301 12875
1537 5310 13979
1415 10534 12669
5249 10440 14411
2329 4406 13304
6409 15765 11173
521 3917 18282
13009 3367 18681
10515 6745 3779
7028 17780 19322
13034 16605 14262
3253 3858 10262
14451 4265 396
12788 10878 19259
8613 2107 6856
11562 14857 4328
4663 17074 6702
12141 863 14643
9031 9835 12293
14330 7861 14837
7216 6202 7544
5147 15246 1927
150 14919 16355
12538 10027 13536
11615 9602 326
8729 18061 2123
11354 14020 19147
3624 14376 4815
872 16516 19739
5700 5670 2833
14556 1330 6890
85 30 18839 2927
8093 533 884
17195 1372 7965
16396 1468 6039
6809 493 1464
16708 2661 7164
16032 105 14787
8306 2071 18373
11480 534 17975
13858 2381 9048
3876 570 13994
18646 560 1552
5508 42 10486
7832 719 19011
333 1981 13228
5542 2807 1366
11958 1799 11511
13822 660 6772
15127 2301 10912
14808 145 19190
9640 593 5181
15141 359 18164
1844 2368 14315
3279 380 7830
1054 632 19494
1344 584 3025
17825 1625 1381
13094 2139 1287
2220 1355 11719
5918 56 10219
11505 484 5895
6277 243 4577
8071 1736 13894
16184 1330 9675
1563 2002 7150
17900 2284 744
9472 140 3150
2751 1514 2004
12616 231 6479
16414 2373 6768
9247 2300 4947
13847 2302 12273
1885 377 15735
2426 1561 16380
18424 293 3171
11298 1895 17198
13323 2871 6813
11147 224 19969
17206 1844 11876
13970 1517 7683
6486 869 16487
6753 609 12298
9624 381 7311
11185 1891 1483
9580 475 8886
4418 2185 10901
9738 1264 457
9383 858 4659
11878 2303 4847
17429 1496 6394
16594 236 18202
3074 2911 973
3152 1174 3046
13972 1190 8396
2803 306 3404
16598 1800 18020
8734 784 6473
4033 1894 2520
17949 224 3170
6835 2078 2186
3808 2753 8838
12510 832 1578
8015 2364 19794
10888 2713 15598
4203 509 8250
6444 998 4687
5463 396 8417
12951 113 457
18759 1895 14872
15977 595 12086
4000 1209 15001
11482 2818 727
14824 2498 14450
15657 1545 3151
3582 377 7881
16012 1630 5570
94 70 15354 8955
3854 146 17620
13756 3614 1698
7107 3598 373
975 4234 13334
4758 4278 8551
10564 2896 14470
12524 3547 5577
7527 7381 15153
7314 740 15519
8687 5218 3985
3770 729 8285
15281 4619 11428
7419 4278 19013
10795 7287 9645
44 1279 773
13147 59 1463
8568 5792 14481
5863 5502 12855
8725 7146 7644
10056 7095 11744
4811 8127 5596
14357 5140 3833
8203 5996 10360
11281 2230 12528
5184 381 18659
10338 4 4241
12178 8229 5481
6604 127 16265
4872 5339 8660
5259 180 305
1668 1130 3982
14131 4791 17741
6142 2449 4953
501 6122 6656
2225 8820 18611
5170 485 13842
4826 3014 4478
12046 6063 3326
6572 631 11
8935 8596 722
11602 1486 11936
1886 4649 16132
4711 5883 5127
11274 8596 10495
5984 3849 16212
6339 8282 8682
10170 7366 16272
8758 4646 14420
5288 5860 7986
4099 2384 10082
10752 8414 18054
13560 1101 11878
6233 945 9692
4740 6141 18753
15343 368 7029
14786 8552 18361
7617 8128 9198
6808 8537 16190
8698 2322 8849
341 6559 3983
24 4111 1540
1042 5191 18483
5417 2669 19919
11367 6993 17723
13823 7893 18498
10133 6385 5473
6850 7646 11711
2442 3302 11572
7901 2049 7972
9573 6141 19728
13479 3529 16681
13703 5414 7589
5827 5113 1283
4542 2325 11251
13401 7615 4579
9626 2250 16929
7888 3838 14753
15344 1096 13706
13303 501 2156
7622 6881 12628
13178 7730 4113
454 2798 7457
1233 4138 9224
5684 163 19956
13429 5386 6918
3782 6967 3574
11964 8526 6585
14973 2052 16246
106 4852 6550
4175 1530 1688
14138 7862 15542
14587 8415 17693
13856 4523 19402
7081 2880 11754
46 11 4732 13928
2974 13249 6023
4142 5450 10570
4615 13684 620
2701 4850 8775
3976 8410 3908
304 4125 15039
1898 9598 16330
2585 1115 18736
1668 6432 14279
2137 9067 6353
4246 11457 4117
1475 10495 10412
3809 7720 19995
2961 8588 6006
3132 10715 5089
29 3852 4541
365 10609 9940
1002 12762 14366
3417 10367 1623
126 2501 2517
2906 2004 5482
2617 1383 17316
1291 9889 15005
2928 6053 9813
4570 6117 8560
3295 2807 4352
3332 4843 10973
3019 6518 11601
3527 675 12117
1025 11120 16889
2510 11580 10677
1170 5425 13583
3708 2713 12695
1248 4765 19736
2205 9210 17467
1517 334 18190
2249 5468 12734
2559 7181 3672
41 13137 13643
1204 3487 1187
1814 10827 15132
2557 887 9369
682 2047 4590
3822 12128 10366
1867 11242 13311
3223 4118 17075
52 14 18644 1327
7612 299 6216
14518 1076 9178
7360 767 9467
6928 1102 3674
13372 992 5995
8938 215 5452
6650 664 17329
1471 1260 6575
3879 315 18084
7938 223 5813
15457 448 7943
16623 758 10309
9513 21 2690
13909 1043 1902
10481 426 10112
18047 1286 4641
2345 1068 5891
14489 1062 6572
17199 89 8768
17978 1000 2590
2513 1256 478
16167 1033 8061
1501 1051 12003
11342 1278 8930
958 49 236
11543 962 114
8767 889 4506
12171 55 16268
7709 403 8563
5977 1080 10903
4665 1315 7043
12742 419 713
11204 725 16497
1683 215 15165
639 321 7940
15249 483 10406
12161 759 8705
5729 531 13689
15289 1005 8323
9776 8 19744
17468 1030 1677
2523 1119 9190
6143 619 3269
7848 156 15255
5479 400 6673
16670 244 6533
8197 1038 15009
1532 803 18241
2050 311 4167
15213 1319 9445
10283 1106 17696
4236 1074 8187
25 15 11685 14950
243 332 3377
1190 8130 3124
3829 1708 19750
7865 9562 11179
8706 6833 12542
3528 6432 5855
6462 9518 16127
8584 5113 2448
5075 2784 4768
10732 4682 3278
5883 3771 14880
290 3882 14286
4266 11998 5745
2331 2591 8889
5532 10047 9467
4086 3089 12864
2189 2960 12624
3837 13166 14818
3393 14680 187
2441 5671 13646
8583 2802 5339
2962 1972 3689
5169 1523 4372
3344 3608 11157
3059 13256 8584
14 11 13461 13654
2062 613 18116
8153 2362 916
3490 9593 16349
3754 12480 17488
6061 2505 2318
5050 2709 1989
13002 6809 4702
8416 2751 15906
3277 3504 7702
1376 7630 2601
6738 8487 3275
8950 13145 19099
3143 2958 11317
6644 7229 2991
75 11 7526 13422
3483 4503 5255
1521 5191 16451
7433 3975 7963
5050 6815 19260
2507 206 10401
6702 3756 15165
3932 10592 14274
6307 5237 5898
4293 1067 10865
818 6391 13337
6098 8409 16722
805 10953 18417
3846 7894 5318
4675 9978 3378
1628 8012 8309
6726 5793 11187
3963 5343 10538
2343 8930 14544
2716 10737 15890
1839 6256 15999
937 4714 8884
7067 9411 16083
4501 4127 17492
3562 7488 2543
3381 7207 9690
1697 87 14744
3110 7547 6569
2760 5219 19963
5227 6631 13475
4553 8889 17580
6021 6351 7398
5438 1345 10135
1877 6152 17723
506 7044 139
2805 2957 4424
1059 12806 5968
1300 1112 11840
7501 7158 4211
4888 3313 5525
4431 12395 16734
2561 4079 1721
943 902 16330
1833 8477 5889
4335 10426 15463
1116 3085 4166
924 13345 12968
1398 2867 12653
7110 1380 16529
2022 5531 6738
3174 2088 7747
4082 1257 5865
2752 9843 16673
3450 11766 7397
7111 2326 19573
1391 9435 3930
5587 4742 9908
383 8613 2518
7343 7271 9004
1667 11968 11959
2936 3624 17304
214 10496 14718
6359 2705 18350
4632 9671 7789
5453 10195 14185
1867 3593 4551
3945 1744 4038
1773 3908 3075
2021 8481 4932
3641 11431 5060
4018 395 17903
840 9369 15032
1509 7162 18057
4221 8574 12826
6450 8494 11836
4580 5653 2247
66 3 5117 16094
3898 5358 9964
3887 16065 8445
1308 4309 9909
3544 8020 17785
4441 4618 6947
2362 1133 697
2597 12090 1932
2605 8514 19516
695 347 18510
853 12359 17508
1667 10363 7036
1318 13537 5096
54 8398 10880
5051 14415 15181
689 11335 15664
7 1206 17456
3147 366 13025
409 7974 10074
2657 7947 9653
347 10045 12241
2815 3035 8907
5074 5870 7320
2825 4214 18749
4057 13537 10900
4343 239 6398
3411 141 11308
4127 4452 14447
5106 10772 11824
4714 3767 18848
3843 3334 11079
82 15262 4878
5011 11299 1804
4479 4724 12276
2805 4372 1912
2480 13504 19588
5038 567 17666
1933 3946 2102
1862 7270 11067
948 3177 18188
338 2081 19615
3197 14661 11121
2089 13739 18383
2106 11506 9049
1713 11581 4839
4172 7801 10461
2519 13505 1062
1084 11248 16262
919 13707 6486
2282 1934 19416
591 7288 4117
2745 13478 17818
4489 7939 18017
560 12060 11712
4756 14060 2219
4809 15339 18327
628 4735 17883
2543 13345 16938
1247 14472 3039
2062 2314 9728
4286 2462 5428
3836 9944 9154
1359 9224 258
1718 12416 16997
4201 12383 1691
3109 4507 13247
658 10556 15347
4 2 11679 838
4534 181 18362
6179 325 12487
6517 823 7131
2926 490 11090
69 16 18194 19616
12576 11983 16045
10997 10443 643
1084 17829 13401
8487 18065 3791
13723 4689 11559
17718 15339 17594
11979 6772 15051
2787 7903 18334
11885 153 1314
11014 16516 11837
14356 9083 2078
8756 12377 17194
3456 11872 19572
5902 9430 1122
7184 7174 17017
16113 5763 10980
12975 17127 15898
13422 7639 3783
7781 5391 1362
4572 16379 7288
5264 8482 6573
16383 12804 16958
17672 17787 5529
15657 4569 4398
7725 18470 17475
14212 8532 12422
1373 5046 1567
9595 15945 17516
1704 6172 14980
12641 7197 7477
14380 10221 10114
6594 2772 9752
4035 17762 12135
6914 17703 17073
7770 13220 3286
8066 8970 4154
2634 7065 1545
15949 12590 18078
1612 13708 19729
2587 132 9152
13855 1351 3338
18134 7412 3345
8650 3151 1714
13108 16220 10908
1095 10745 6180
14184 11769 16516
15794 12427 1327
12794 15900 18728
10561 18837 15464
5302 9642 3874
12818 5191 17627
7126 379 10698
3043 16114 7575
14311 18136 9314
15755 18295 14352
1551 10230 11506
12727 12740 18041
8626 16992 272
17542 14360 12126
11404 11785 14016
3564 18554 1662
17877 17152 19238
2646 2453 5680
2796 14179 7490
10328 3998 7119
17265 6214 2395
2630 2556 13303
5368 13324 2267
13472 18653 12816
74 36 19015 1049
11039 528 18863
18144 253 507
4468 522 18616
15247 295 5764
15871 697 18519
10329 215 12949
17429 239 6502
17566 533 6991
2785 408 14645
9770 851 3540
6075 75 12964
3892 401 8497
9446 384 6564
549 479 16324
18904 917 3192
4131 310 8002
10607 652 4834
10839 523 11816
10114 404 533
18258 473 9489
1324 682 4099
5617 202 12961
9189 619 4372
8667 809 10845
1943 809 9089
13744 535 3450
3927 409 4541
4561 793 13164
10245 461 19152
954 314 19342
18124 834 10885
1015 346 8619
16581 336 7728
1029 267 15318
7531 601 7474
1171 923 12611
15954 904 12380
8275 315 12563
7587 192 7257
10402 1035 13076
7884 550 19007
14626 591 8244
18016 452 9512
7226 715 10513
3366 530 12422
10708 518 7909
13631 971 8896
15471 270 10455
12559 1001 19920
6453 464 6260
18993 566 12378
3013 489 19275
11777 297 11266
4751 878 18977
7185 417 15147
8768 261 12816
941 777 7480
2707 199 5633
6597 304 14562
16094 706 2849
9899 924 5846
2681 1046 12527
18034 946 4430
16295 20 8561
18489 292 6044
8405 902 4368
5449 279 18748
17814 687 14236
16611 464 16536
15934 280 33
13594 515 3485
8468 124 5514
17537 368 7829
5507 73 12511
39 10 9162 2226
9115 544 9336
5790 483 8269
7740 945 11583
5573 1127 17678
8896 1680 16877
7504 1592 14935
6719 1520 11174
6055 1931 15756
3974 647 2114
566 2074 8884
7923 846 14232
931 355 19733
1315 283 15784
6198 1653 15945
4262 1739 11362
40 1121 558
683 1841 9773
3875 1041 19156
1581 416 7116
1242 1395 3499
3564 722 438
560 747 7642
64 727 9906
6785 1173 194
95 395 17131
7784 1081 2380
4175 1154 7181
431 275 11051
1398 246 18731
7545 1257 19541
1186 2115 13969
913 1458 6134
6076 816 3329
2175 2030 13635
7772 569 5007
3121 1988 7721
3494 820 3822
7001 1843 12943
9001 1483 5435
29 22 11839 5535
8464 5299 15768
10052 5190 405
4019 4899 8021
5333 210 11059
369 1657 16104
9638 164 10107
7901 1191 5219
8422 3401 153
10772 4278 8002
5402 3415 11156
1372 418 5875
8517 2154 16777
6346 3543 7964
759 534 1648
10948 4471 3812
11027 2901 14536
1899 4726 224
4149 1416 19241
2732 1225 1774
5069 802 1266
1621 1620 3449
5293 1983 4833
573 4752 19798
1498 4550 1386
4303 1485 19575
8283 741 19047
8838 1117 19246
3995 72 12588
5095 3185 18590
9 6 13095 11348
10317 4328 8944
3968 2606 4665
12330 10754 7936
2737 3068 9932
9800 4777 1475
6627 6091 8083
10392 7695 12376
9958 4386 1210
11170 6786 4792
69 5 16445 5842
10704 5112 19790
8220 941 11405
3638 4094 8590
4412 5210 6375
14632 1611 88
6760 5712 3442
12481 1358 10892
10334 3599 14682
15603 2361 143
5928 1061 7512
2332 2075 7429
9457 948 19513
13176 2479 12887
14515 1213 873
5710 5169 2200
6928 5099 395
5985 4672 6077
4706 1524 19333
11890 3062 15511
2665 2418 13217
763 170 14674
405 2895 1403
15794 4435 6995
1554 2175 8575
4016 5712 11815
10957 405 5108
4941 3760 2912
240 2391 923
10610 5823 4642
15517 2165 13258
5715 4263 5798
4843 563 1950
10979 3916 1499
6595 3209 7414
14433 904 13187
5127 54 12903
7549 82 15957
725 3936 13318
13984 3351 8704
6443 2859 1263
856 835 3548
7882 4652 11277
5584 1915 10638
15805 5596 12903
12697 1309 4055
11836 756 14996
8515 5135 5468
8690 712 6429
14211 4771 9898
11849 4797 4366
12769 2927 4121
15813 1935 12574
11477 4822 15404
3012 3411 5386
11394 1940 19872
4597 1585 13749
15816 4235 17823
13755 1291 19361
6329 400 6597
4737 2190 14833
1276 4399 13041
3624 257 1359
5605 4345 19450
11277 3563 741
8992 2067 10798
10873 5832 12639
1760 2067 17342
3399 2837 2601
2584 2728 10720
19 4 12015 8137
4793 7490 18800
3679 7650 18988
933 5069 2764
4181 361 4109
3574 7289 14231
3231 5916 6200
1181 3110 5376
1665 4613 11914
4890 4461 11370
11235 2013 19957
5301 5397 4379
346 3565 7957
6524 3169 19817
5798 6620 15641
5170 2057 13560
3055 3325 17082
10015 7452 11289
745 2219 13338
6241 5231 17573
50 15 9232 18529
6417 1853 4113
951 3269 699
5060 833 6297
4286 12331 6406
122 9561 16141
4556 457 6689
3319 4604 5115
91 4624 4617
8370 11698 19946
4441 4175 8635
7014 7827 4266
1024 14498 10596
610 2477 18611
3809 137 6731
3933 4325 2280
5852 16339 15291
5019 3668 9993
1622 13241 2582
3449 16531 10141
7377 6535 18924
8536 16914 8331
1896 13973 3491
1799 11969 14357
4846 14100 5353
3675 14482 13128
6273 11811 12226
456 6421 15288
154 15617 14407
7187 15043 19230
4697 5469 5065
8126 5143 18657
4869 16906 16239
7390 790 4205
3239 14382 9146
5878 13775 17726
917 11225 19345
8826 7294 16766
5910 5011 11584
643 4170 7843
6218 8494 14521
2997 6702 15114
3012 18139 5720
3740 6293 19787
7406 14040 7930
7740 12798 14504
2841 9575 621
644 2143 15501
6433 13946 17926
5493 2662 14486
7397 234 2875
35 29 12997 9244
8573 5584 17219
3566 4133 4681
676 2519 6876
6139 8877 8321
12341 1699 4488
7856 363 13392
12094 186 8788
6428 4226 19472
9892 956 437
1180 1634 16522
6820 2028 5817
18 3815 4274
10600 9158 19834
5811 2055 8031
2697 1622 4755
8616 8148 4221
6004 2536 9239
4654 786 6997
1182 6517 4120
3463 2485 15991
6565 7276 13822
553 5001 5938
6712 1144 12167
1046 4275 15620
6422 3901 9703
3282 7912 2181
11744 1226 9022
11061 3634 7162
4741 4983 11632
4901 7465 14016
6624 3079 313
2212 8853 4976
7634 5790 303
4498 1114 8286
7157 2016 840
29 5 19357 12774
10784 4970 12031
2476 1591 5595
13889 3388 2810
10848 615 5151
6771 2244 769
7412 7381 15672
17466 3300 2480
2516 7368 15350
16881 2969 2173
3274 9664 6159
9348 7928 7884
9765 1941 12140
3988 8092 2403
18113 3865 2101
16343 1992 19210
5856 5661 4933
5611 8247 11157
6412 5840 929
15883 7424 13314
2854 7019 1004
16777 10031 13895
17996 5532 10047
1196 6705 6364
4315 11251 8127
11598 2158 11455
6144 7175 9646
11039 6703 9311
859 4493 5429
9052 6580 5340
55 7 19477 5142
16346 3008 7486
16146 14 15781
14874 3096 18432
524 3534 10833
17049 1149 11359
11129 2851 3416
12350 169 3597
9741 3159 19396
15696 2382 17373
17315 2903 676
19364 1853 7633
8597 1847 2685
8346 2601 9734
9427 4690 3083
2617 427 19912
498 313 18652
14749 5087 7175
2204 2414 5863
16107 3323 7734
15410 4122 13796
6128 3008 5279
6362 1130 16810
4066 400 11839
16322 2417 18642
15489 4277 965
11369 5119 15367
11785 1205 18175
17653 1174 8362
16549 3623 1298
12331 1902 12841
16385 3717 15048
11288 1288 8716
7172 356 6989
12876 4630 12609
6230 340 3894
14261 3894 1254
3996 4477 1490
11729 15 14205
8282 1658 7856
15377 1274 13155
15639 1075 6269
9172 2227 15380
14351 2140 15581
16904 663 13857
17956 4924 6809
19216 4933 7582
9781 1045 16223
13821 2682 15680
6999 3856 11040
13206 4893 13312
6843 532 2545
14625 5004 6902
7337 2638 3085
18792 2096 19493
8053 2181 729
56 37 11449 9029
5907 5143 16151
7247 5650 12281
6601 7789 14430
1865 7558 6308
1095 649 19591
4383 5095 8288
3002 7776 8590
3656 2051 18451
10097 6753 7378
3679 37 13213
4142 6824 13312
1320 928 378
1703 4430 18617
3504 894 18888
7097 4919 9873
5313 3626 17407
4100 8224 7957
2220 4587 18380
10585 6263 13965
10793 8184 11019
9751 7408 2796
1522 7238 5743
8301 8490 5934
9239 4701 19654
8042 4950 1152
258 8395 17823
2497 6836 11938
9770 2874 4174
1969 4289 7617
8093 4077 15706
11416 2878 16458
1837 6467 14388
11431 2551 8803
950 6292 409
1472 6083 14207
4838 6884 18899
4036 235 9162
8778 4710 18395
3233 5698 10896
5410 834 11502
8408 2761 3105
547 1187 13258
8037 6904 8518
6699 3429 1956
1488 3618 16171
5497 4210 15500
11105 7993 15272
7457 1749 146
4288 4258 785
10711 1036 521
1226 8984 18362
9828 4630 10406
6064 2511 5657
3860 5842 16691
7833 5004 16384
3600 5037 15836
91 29 17348 17926
8129 16268 2844
15552 5425 3183
11419 11413 15916
12791 769 149
946 16628 1475
4619 14644 5207
14768 12983 12689
10573 2169 17521
17176 9031 2298
1510 2582 19549
3490 9179 15522
555 11754 5678
11089 5734 12321
2667 3592 12743
12801 5877 18505
6779 9616 14416
14667 12049 1375
9894 16479 14866
14908 1417 17810
13739 12286 1392
13044 14423 3043
3077 15488 13459
16688 655 2527
2496 6509 17828
6322 1991 8454
16693 5167 6415
6089 17022 2039
12270 15843 4140
3717 3317 6700
920 1901 11156
5347 16778 15294
6299 11298 19580
10654 9801 11562
9320 15703 114
16063 5128 6720
5810 4465 13409
12361 8854 8353
15463 9223 58
1893 10977 9191
16348 13499 6610
6117 6209 3816
10874 2019 8529
13999 2572 16269
822 17295 8629
7250 17732 1352
14003 6201 13808
5140 8298 8939
14853 17173 16874
9222 1303 12800
10167 5393 2396
15334 9036 13327
11645 16546 18808
14253 16529 13577
4148 13992 15837
10056 17610 11020
10991 3626 8882
13994 5328 10548
16583 4406 16541
4720 16250 9868
5996 5862 15558
15443 3050 17584
14288 3709 11198
8729 13446 8800
16532 12392 802
8405 2788 5191
2199 6737 8824
6223 16460 1240
11955 9557 6467
3550 9452 232
7248 4704 5839
2452 12033 19885
9881 1039 4283
9417 11096 15327
15208 2421 3789
8738 17787 2748
14827 12049 11518
8337 372 7872
13265 9456 14305
413 11163 18670
6664 2054 6505
12014 8606 2660
8580 7273 3091
6706 4920 9682
13802 15561 11024
16587 7706 10122
495 3141 11170
12859 11717 7340
2724 3961 14275
2188 16057 7710
10873 3757 7997
2724 960 806
36 34 12599 17241
5391 5009 8143
4938 5286 11620
946 6403 7452
7664 15815 10218
11182 7812 5842
8182 1187 10715
2506 4631 6052
2334 11093 11970
2084 14285 942
12076 4845 4322
4902 16897 19090
7142 15457 513
6696 8950 11774
12385 3363 9651
9653 17173 4194
2727 15384 1916
11828 13051 14634
9299 2408 14564
1111 16247 18547
1617 2337 12611
7462 841 3986
9365 5766 3816
105 1334 17050
2411 4125 14890
11835 11368 17722
9486 3934 7055
3257 267 19139
2099 7224 8230
4891 1034 4818
2220 15454 7049
1336 13543 3366
10796 16718 3571
12109 8321 14849
4341 5225 17575
4180 5832 17122
9939 11886 6321
26 9 19954 15493
10115 13 7860
5659 2924 516
18788 2049 3173
2413 12063 7901
5148 11994 3453
8494 10562 9546
12667 3193 19975
17980 8170 16622
1029 4229 6606
6407 15089 2596
1331 14358 18774
3190 2540 16365
9156 8940 13969
3950 9046 18114
18864 12326 11833
635 1898 13999
2370 15087 3689
2399 14917 666
7265 14931 6765
14164 11643 18173
9024 8446 14740
16678 11000 19054
14797 6950 13438
1535 11720 13064
2343 6395 19706
15329 11680 14026
39 28 13485 308
7967 146 5583
4093 198 113
4643 277 7941
4379 182 2057
9010 96 8269
5953 225 14125
4375 293 10527
10389 85 3674
7390 230 15966
11775 203 12263
11062 226 5340
12140 47 4930
5999 228 2033
5537 124 647
5385 212 6767
3073 237 9598
13017 135 9142
5085 203 4435
8660 137 4322
10998 33 2853
101 39 15723
11696 35 18993
1035 68 12490
12337 277 7965
12601 264 2727
5076 184 10
7839 212 3045
7274 109 2091
6134 258 4349
12941 133 18698
4795 136 5619
10988 47 2146
1054 52 16590
12873 73 7204
10222 53 10478
2220 123 19069
7149 206 16302
1517 239 6355
13453 246 7976
75 22 364 14817
24 945 265
354 2976 8315
29 11551 15728
49 12629 19440
302 9507 2882
88 11692 13481
302 3954 9592
25 12262 18848
20 6476 6903
223 8888 18236
116 6094 10691
363 11713 823
314 4794 14309
47 232 15781
320 417 661
227 2610 3091
171 12555 19240
128 14621 12939
207 14467 5227
292 6525 6688
151 8353 4989
92 2992 2626
39 8117 8496
112 2943 6882
199 7085 14754
60 2355 15463
244 7619 15150
196 4754 3260
251 12198 7226
134 3221 18038
216 3300 1057
206 871 9179
114 8657 12589
325 12604 10633
249 6230 10087
227 12971 9379
102 11800 12011
36 4426 4781
118 14180 12372
203 10244 11315
216 2005 14993
291 9562 1986
212 11873 13442
1 9971 2359
121 4550 9508
195 12385 10383
171 10092 6470
200 14578 2666
357 2263 18299
12 2735 9439
56 10252 19358
264 693 4550
174 10333 8121
111 10221 4476
70 3699 10150
106 12042 6634
92 11543 18551
314 5503 12806
45 10109 19817
236 4122 15494
216 13165 13409
119 5889 19824
284 6831 4725
22 9544 9542
293 2867 11767
112 8651 6296
119 8666 7943
309 5998 11993
347 14660 6355
297 13327 5537
141 8375 4006
68 7364 6845
338 3016 2410
245 12791 19023
163 5994 1707
92 74 17429 17377
241 3845 17126
7726 14460 15083
3274 4966 9762
14055 14420 10906
8198 9533 334
4322 5009 6003
14936 5857 18111
281 3025 11738
2322 5034 2058
4801 8117 18780
4883 16989 14347
10689 3441 63
4408 12102 17422
3710 16131 15275
9026 4990 9667
3170 16064 5724
7152 16267 6693
2817 17130 7047
13879 14086 11659
9957 12862 5858
5298 4600 8506
4386 2921 2906
10123 1566 7656
6897 7323 13525
236 5708 3107
1991 14484 19700
5968 4686 1915
13961 5914 17309
11134 16713 18923
6471 8237 13135
909 17024 7290
14030 4209 18387
10265 9458 18235
16988 17259 16302
17282 1024 8588
8576 11271 5403
12162 4972 17156
2730 12662 4638
2702 17182 5824
3748 6229 5586
13938 3456 14155
8450 11208 10302
1658 8041 19306
3008 5 3676
14346 15479 12881
4363 3117 4667
9328 6261 11292
15876 7574 15392
4177 9852 9438
5453 5315 6996
3638 3542 8253
4725 1973 18960
13331 14301 7242
2603 10778 3997
2447 6114 8137
10961 1924 4000
12114 11530 8455
16499 16821 18014
15271 2771 3941
52 6198 16247
17076 16756 5295
4458 4071 6651
12656 11426 18141
15479 4848 19523
10821 6191 15493
12843 5110 2127
9201 7052 14652
7972 3242 14375
10471 5776 5386
4500 14427 369
7799 15057 7622
8958 13388 9936
8090 558 11999
3062 3360 537
6887 11599 19637
6507 14449 14309
13552 5380 13234
3751 17055 18876
4193 16395 9647
5550 16998 15292
11412 8173 6759
7143 1353 17234
68 1063 12736
10429 9739 6922
4116 5799 10660
9713 12924 9625
9333 12300 16473
15078 16368 5330
3144 16208 17113
6249 331 5650
16595 17314 11653
1414 8057 4287
70 21 15597 2526
6890 2273 9423
8906 2300 5187
8666 986 3116
13597 1883 475
5075 1109 2595
515 1163 13909
5304 206 4128
2839 1404 1968
1876 1074 8324
15103 2232 3250
15117 1390 19142
13752 2288 19456
5051 504 1809
4562 2044 3898
11857 1310 7458
10543 1116 9497
11525 286 17200
4755 1693 3107
12481 1427 19614
3493 2266 19980
9993 2175 14166
14601 819 4610
8381 1216 1570
8874 261 2723
7006 2483 14255
1703 1342 1538
4829 507 17171
2243 2226 12946
371 583 6603
8121 1771 14449
15239 2514 9861
962 862 15238
10846 661 7750
4702 1700 123
8926 739 12126
942 228 11770
10671 761 1010
1586 252 4973
1474 1015 201
15370 1923 15176
364 720 19170
5331 1730 10843
12399 1604 8980
1383 600 7772
2404 1325 5365
15541 968 4798
273 2066 11590
4304 1776 4836
4849 671 1245
14436 1342 18005
6559 1102 12128
11464 972 11748
2912 2402 4108
6842 1862 7628
878 691 911
8772 1803 10823
12137 2262 15770
2563 819 7706
368 1070 2955
2527 2113 7023
11014 2217 17398
2527 2248 9028
5763 827 9488
11055 1431 11693
11843 568 4038
13204 1848 16703
12533 1804 11510
4523 2395 8012
15164 1957 14876
10418 1288 13011
91 78 15142 6280
12984 2242 12979
543 250 18912
10065 2738 11778
15095 5595 1340
5150 4438 13705
621 2243 1605
14616 207 5221
9895 706 6358
6983 3633 5329
1082 5233 7417
9719 936 11716
3599 664 6979
3648 160 10516
4207 438 17605
9293 4844 14733
5358 5186 18648
6971 506 1215
5012 1445 1671
4535 1691 17647
14112 3968 8273
12040 2641 3792
11025 5088 2394
6998 4138 16669
1063 3578 19902
4019 4350 8347
170 523 12884
3821 5865 14433
6579 2189 18011
13729 4224 12374
1559 1295 9129
984 880 8025
14828 5993 2430
9533 989 12647
10770 3450 16076
6208 185 1651
11511 4640 6538
12453 2957 13640
10524 2139 16310
6750 2589 4545
1596 5715 9632
10389 5959 628
4877 1016 14687
11247 2999 7161
11352 4710 6741
13711 1432 14865
1466 1658 2185
9051 5922 11756
1675 813 8926
7248 599 19386
9979 5584 7005
14945 6120 14753
8931 6214 14951
14969 4364 8743
9193 1129 7405
12838 4857 19533
13796 6026 19460
3764 1299 3323
12483 162 5144
2480 2374 12273
14426 5457 9247
582 6040 1386
11191 5612 14508
14412 4759 9583
9978 4865 17456
9136 3147 2885
8717 500 421
12509 2907 6986
5939 268 9451
3467 3662 1092
2667 1323 15444
10485 5926 13850
3688 5793 13426
9781 1450 5550
1375 3518 6043
1159 2967 745
5458 1086 10379
3144 4565 19528
14185 3456 8404
12759 5792 5709
10977 5927 14061
3894 2840 19000
4500 6081 5553
4992 1519 8290
11008 3660 9332
8188 251 5524
9616 2005 7935
3109 2549 4451
10258 3123 10324
1146 5409 17708
1418 2964 19396
12154 509 18373
74 38 3712 18190
2665 12373 16773
2462 12488 17726
1672 2897 15893
105 469 16656
197 2865 12842
2840 134 19383
1503 9869 4187
894 3750 4819
1898 5813 14224
962 5475 16078
3103 12895 17219
3141 4779 1470
1082 10921 7764
2739 5376 12898
1840 7737 2592
1040 3321 11921
3380 15087 1840
828 16038 4760
117 15318 6199
1784 347 6212
1364 5876 12430
2048 17828 2663
2972 13520 14019
3180 16018 19677
2118 12150 823
276 10863 10944
1222 12909 15538
1915 3259 9713
1408 14851 15210
1032 12699 10552
1292 13879 2573
1995 11239 16634
2840 7149 3176
1743 15862 6356
2113 10010 2612
2829 4512 6385
1214 17250 15467
3207 2686 18000
1119 16363 11880
436 559 1897
1768 15336 9815
658 10877 18668
3333 17075 14498
1600 4788 4552
2686 1102 14217
1030 15743 17427
2137 17518 17504
1542 7766 10146
1848 8547 15244
3218 12844 12681
2036 8902 13888
1472 13869 17811
3025 5868 42
2950 7748 18352
781 17360 4805
2914 14906 15577
525 11470 5663
2121 14776 15447
2213 1167 5463
1220 16202 6668
2110 4092 810
2029 10335 17184
2233 3629 6951
2837 3659 15867
160 9157 13533
3156 7505 12108
1144 13089 4079
1362 11905 14276
884 11286 15795
2093 1266 6310
2024 6334 9656
2635 8424 2896
389 2935 4385
2696 3785 16041
69 25 13460 9437
3608 5912 19935
10699 6110 9490
1860 2651 13881
560 224 6296
2991 1112 15652
9581 347 9357
11786 176 14467
5217 683 3359
7232 500 12796
577 8599 19586
3063 2882 6712
8228 5072 18613
4182 9384 11717
2527 905 14076
12634 3789 13259
3417 3059 12301
6669 917 16360
2612 6086 4552
11856 6884 15982
10299 5282 4649
4230 826 2346
1136 6032 3489
3176 606 10325
4311 6770 2525
9024 7321 18556
4813 8699 8696
690 874 18451
3211 7507 11074
647 9253 9485
8513 1844 4733
6041 893 10946
2237 7969 2867
9635 7019 9216
6171 6104 812
3633 3897 5534
2003 94 17319
1234 5371 88
4386 3934 16918
2782 8745 6800
7728 5341 4683
11621 9186 10287
7077 3682 18027
9413 613 4489
3592 6259 7867
13396 5747 5062
8595 9006 2369
8796 8500 3876
5912 5701 5629
9000 8483 4471
8221 1417 8452
4348 1858 19182
2340 750 4859
12279 4499 17030
3865 3254 698
2768 4642 4097
4282 2859 1307
4336 8390 19926
1683 4043 1426
12624 2578 6156
1347 971 14780
2158 8453 12856
8364 4132 15784
2333 7755 18766
4247 6266 15343
8010 3057 14685
9917 526 3287
7105 7312 5633
11001 8832 13840
6320 3469 14797
76 35 6338 9124
3116 2078 3819
1979 1518 3615
980 4025 6965
6111 3435 14645
4074 8342 19952
429 8219 8773
2118 1887 3224
3306 8131 8178
6076 4220 15079
4204 8217 16095
3572 3261 19033
3509 2063 4300
5233 8898 12468
2449 569 7359
1891 4218 9244
4280 5949 15393
1858 3178 10481
2244 1169 16360
1551 988 14472
3159 2459 16158
3458 8211 18994
1644 3109 9129
926 5563 19106
1657 1269 10281
3127 7869 9107
4900 8258 9190
3521 82 7752
6079 4512 11611
2852 9021 4000
5720 2708 6487
3171 2763 6727
4477 7733 3147
2954 6821 5537
1647 3014 746
3337 7183 3258
2064 3382 5541
2668 4258 8511
1945 1050 5316
4167 279 18879
75 4211 15898
3984 4340 19351
1682 1061 18277
3762 6931 6391
781 4771 913
3692 1939 3035
4494 3993 18442
1330 437 14074
4595 3586 1883
619 1464 19295
2371 2559 2571
1459 2210 14677
263 3683 1220
1920 1954 15559
6208 8371 1124
2877 9114 14561
6190 8503 11526
4713 6013 19434
1089 8280 6225
2439 2340 5825
870 3069 7095
3571 2082 4802
4270 3744 18931
11 5361 3992
1006 5534 10786
1731 5236 14803
718 3649 3343
746 6590 708
1662 3297 3379
4423 4109 10934
3893 1725 16694
721 2341 10523
3378 3256 17292
2878 7869 16834
5135 6408 14463
1043 4844 12256
2717 5954 4949
69 61 9575 11883
2730 4741 17378
8722 9384 10328
9439 4219 4728
8323 1994 5399
2971 4318 10488
5715 8849 2453
8663 9116 9892
8774 7900 11196
1982 1793 15398
1870 276 3516
8029 5356 10967
3305 5125 14639
7594 11645 15372
1234 10171 16068
5847 2353 3354
2333 1958 5863
9208 331 6630
58 4442 2234
6300 1604 3885
5912 10018 7509
8966 883 12779
9017 3138 16214
8820 4419 9141
2854 4872 17834
3695 11482 12997
8970 6065 15210
8277 1420 19360
8564 3213 13270
6155 11403 2605
1700 10585 499
8079 9530 790
4674 10482 4779
8484 1793 18946
920 1994 14834
3690 6989 17502
7203 10397 19712
9455 10436 14534
2818 4499 19124
4884 5263 970
7168 3644 5970
9461 9757 1301
6390 4242 14989
6444 3460 19232
6189 2556 5924
4212 9925 15875
3824 4788 5316
5172 1490 549
8401 4907 7879
2458 10425 3313
6143 5748 8488
5839 8161 456
5927 4569 17428
401 1605 15692
2419 11667 10688
6913 6256 13225
7584 3952 8342
4855 3615 3362
9547 10355 5823
7876 11789 9508
5229 9597 16838
8925 6545 2369
7929 9799 13590
4793 254 2238
7072 7791 622
1206 2074 3694
8567 6011 11268
7274 7655 6763
682 3492 14638
7786 9586 1663
13 7 10966 89
4985 28 10566
3827 26 2359
3222 31 1366
3081 19 16389
5305 52 9346
2514 2 17212
6539 88 15680
6690 75 160
7297 38 11069
3637 80 16069
3682 46 19995
8341 51 10338
10730 18 5591
55 7 7333 2722
4257 316 2057
1430 27 12565
7199 1180 5916
3561 166 14835
3892 2319 1705
2978 1599 6189
1424 1323 3065
4740 1398 9622
650 815 13581
4726 1658 7486
2931 389 10248
4452 386 16141
2420 2063 5510
1372 2559 17260
2222 18 2793
5012 2613 15437
1877 1080 4402
5320 60 10696
6786 2275 14726
5378 797 9892
6622 2456 3199
5987 2158 12147
4929 2507 9229
264 2095 1098
2500 2242 10679
3385 1331 18778
2467 1863 10185
2547 114 14615
4627 2004 13869
5236 381 8959
3735 274 18524
6186 306 9103
2966 1500 3714
48 1050 2104
6469 1553 6907
7117 92 7512
5743 1522 7827
615 697 18384
2687 1377 18406
3775 2609 9484
3597 294 8483
6945 304 12140
6374 2051 6306
6914 2428 9290
4873 2168 14465
3590 2102 15816
2163 525 19029
5788 2329 774
3779 2607 10038
3712 2018 192
3559 1948 15838
3981 1900 19873
2881 2669 5581
3068 125 1227
3781 1336 5966
79 24 480 2536
88 2389 10081
448 703 13493
161 163 8496
118 2036 13409
248 128 12949
346 1866 6936
243 416 7924
183 1828 7001
362 115 15993
284 483 12176
338 516 2595
163 1286 1480
64 1570 6157
95 1575 15161
436 281 11230
415 1752 19550
345 313 6220
25 1597 279
470 552 3593
319 4 12985
402 584 8905
49 1944 16110
147 2089 9695
144 1279 6480
226 107 14324
388 675 17818
32 234 5029
6 1144 12092
453 1585 14396
85 1279 16044
48 1531 5820
89 1599 17155
339 1187 11055
335 774 12578
20 1593 4912
10 1244 6883
77 1445 3645
203 682 15490
150 1762 6638
216 490 14360
367 68 10491
217 536 15795
65 369 14898
317 1253 18890
434 996 3779
54 1831 14135
289 2523 15358
41 2446 4918
438 1013 14392
243 1364 1321
136 1129 18534
315 21 15318
23 1467 4135
353 805 3567
270 1050 3816
321 1128 17072
453 126 16841
296 981 9596
49 147 14810
134 258 3704
341 536 11013
305 2014 9893
105 65 13564
68 1018 8291
393 2226 16370
55 229 15165
6 715 18732
84 1180 12073
45 1599 17754
41 809 9808
15 2516 19000
24 1816 15190
157 1330 14523
194 461 3800
357 2318 16109
304 171 8685
263 1305 16359
105 838 5119
173 49 11919
73 66 12453 16803
3242 14416 4371
959 12542 11082
11740 7045 5522
6803 2431 9536
9559 8495 13085
9849 14371 14050
3320 580 5515
7654 3308 1593
5763 12462 4625
8834 9308 15378
9878 2816 18934
4021 3010 12310
9201 15213 5382
7877 5035 11156
8552 7054 4925
9004 8619 15546
9764 1288 14817
12413 12068 621
5357 13666 18801
534 4539 1077
1738 6926 18418
7621 6029 11255
12446 6380 3767
5214 3955 10404
5510 16523 302
2861 15763 1658
8181 15216 2449
3893 8209 8499
9223 8817 15077
10988 2662 17562
8175 11707 3429
9110 5535 8738
6796 9753 13952
1197 4066 10122
9331 11611 7468
3607 7688 2373
7532 596 8697
5096 6428 3838
5610 13012 1497
3043 7124 16293
2788 8365 15254
580 10448 5406
5619 9207 17763
9407 4014 17188
3938 11405 10019
1384 1121 7574
7646 2374 10033
12083 4190 14398
4294 6593 5035
5676 16541 7338
7802 6534 9250
6269 5718 9386
9396 13455 4563
4619 6405 1575
12044 7169 17366
3309 8305 7456
12443 2017 5619
867 8261 12309
9295 16053 5084
6297 16723 16693
11458 12675 2097
6882 10158 6825
8384 9703 19128
6104 5910 15778
7562 4912 9404
4153 5592 16054
541 1732 4688
9995 804 17027
10788 13575 5987
305 16149 19011
5760 13119 13364
5002 7610 16859
4498 15139 9328
28 15 7189 14761
3670 8584 5527
1056 2351 17058
1990 4311 2741
3607 9748 18324
5566 2155 6467
7065 3607 490
6419 12600 5837
5985 324 7362
2327 12311 8135
6895 4877 5020
4959 12627 2474
2407 5536 17719
6117 4497 16072
4679 11579 18143
3587 1257 14463
683 10333 16793
5335 3429 2888
6173 14754 10123
2924 7725 8142
6643 13450 2317
272 1524 3345
5390 8934 14774
5964 6858 5384
4432 11208 443
6577 9847 5642
5658 1647 1531
231 6833 12241
5552 2788 8925
32 19 13854 7000
11304 969 8203
8162 6080 17918
8635 5961 10028
2797 4378 17423
13566 6199 18316
5419 1520 1889
1430 6536 19416
10295 4827 13152
2737 2478 7595
12730 2243 3550
11488 6410 13213
11284 1994 16973
4628 329 8915
8895 2977 14755
5317 3277 4263
12400 3583 6619
7803 843 1942
9048 546 12894
3295 6847 11333
6366 2272 6335
9475 3449 4578
5979 180 4107
12192 1710 12864
6327 6042 6013
6983 1488 10674
13223 3484 15934
11364 6732 8297
13099 1108 3617
6076 6492 7840
5515 4892 8906
4144 1150 2386
13541 6109 15641
5 3 18255 7326
2089 4539 11297
10150 4725 6606
13516 4312 10693
7263 5369 6290
17576 5369 633
27 4 1935 14222
607 4433 18760
1711 4711 14992
81 545 14421
179 8892 8156
1191 1034 6408
554 6965 11471
531 10448 8867
425 5822 7380
94 1890 4888
256 4926 18793
300 7254 11189
1905 9324 14443
1663 7335 14336
1575 7380 9943
13 7312 11077
1460 9878 4479
1857 7656 7163
1863 1423 8390
615 4765 6785
43 5077 6446
335 4539 7902
1379 6323 7865
378 7052 2433
1607 5049 7817
221 3098 1923
1336 3320 5710
627 2227 19553
43 40 12956 352
4786 165 17251
8892 268 18589
12834 54 19177
3462 220 6091
12723 265 7854
2009 233 15441
5529 112 18281
5483 70 265
10291 143 16107
12148 271 320
6463 278 10092
827 259 16528
4412 268 8038
4856 294 1888
8137 140 7164
7858 295 17786
7977 295 2811
3367 104 18027
10187 281 3630
1228 216 10079
12903 143 15508
8354 116 8887
10728 176 1683
6322 248 10972
3976 14 13967
6103 335 883
3789 240 17709
10033 212 7871
9744 139 2110
4944 335 736
1474 241 12670
8530 337 16497
11626 136 15815
4099 327 1993
6674 138 18075
10276 198 704
8321 220 15532
4041 79 7617
6599 196 13536
2134 271 10280
10747 92 8517
6367 107 9976
5768 200 4446
30 8 15228 3192
14067 2411 8131
8036 71 2173
11094 2073 13010
2888 2198 13761
9770 379 16903
7311 268 16078
217 1461 13326
2591 1783 19165
12826 2625 1706
11098 2482 1384
7045 620 14366
13813 1153 6416
7767 2235 10464
5526 1541 10674
1522 578 8159
4438 784 15101
3296 2229 2367
2748 2514 16026
7000 1622 14961
14127 2165 19835
13817 934 17767
217 317 15921
12604 1571 8494
8092 3101 3394
10137 2010 17420
102 3019 6611
4795 112 3080
14206 983 6207
3855 2504 1409
10708 2975 8772
57 33 6664 9079
5204 8551 2290
1224 325 3264
4230 1265 17270
1673 9049 1232
2854 6850 14727
4197 7226 16640
927 3950 8701
1410 6440 8242
629 4839 13340
1330 6296 13997
5906 2330 161
59 2162 19239
1024 6661 6528
4926 7654 1022
1970 6988 9409
1060 1509 6273
3983 8405 3958
1691 6512 17140
2062 233 9886
3652 6832 17342
563 6331 1598
285 8233 14851
1320 7723 18646
1473 956 13878
4583 8554 17307
4565 5610 18097
2618 1932 14434
2055 5470 13876
6341 5415 9478
2684 4867 1463
6398 6143 1992
4240 2723 8994
4168 6159 1870
1056 7618 13701
4446 4296 17918
403 2988 10045
1633 1587 16137
5672 1975 129
3310 1199 4636
2313 4332 13095
3373 2414 10684
1871 629 15759
1991 3643 9372
4299 7113 13915
761 5109 9667
2235 297 14605
5028 3994 13233
203 8329 4187
467 2783 1182
3893 2711 12405
5618 898 10369
2797 4988 10277
3957 5109 7705
1787 7205 10246
1190 5982 19585
3406 2577 13604
341 2615 10582
28 2 11982 5243
6390 3834 2420
9994 894 11579
7557 3949 1310
5959 643 13491
3412 1811 5053
6236 3980 1576
4582 186 924
4090 1635 2294
7525 3340 8904
4496 2635 15343
1680 3948 12130
485 900 6448
9068 1389 17999
6853 504 7541
3725 533 8498
8711 3266 12957
7687 171 4117
9238 4318 8273
3481 5193 6721
8986 1776 19193
10603 3656 5063
10468 5047 16043
11617 2559 1867
10183 1045 7336
9265 278 17150
7017 1045 13783
9501 943 647
5074 5104 17184
81 0 422 3533
232 364 17832
215 1207 19760
363 1559 16473
80 521 15655
333 3498 18799
418 896 16142
399 1630 8147
280 1897 10056
295 1827 393
31 3530 3022
147 2852 12139
157 3022 18556
9 2835 1372
386 3317 1755
259 2222 6521
257 866 8603
59 1618 11141
55 1198 11710
65 1910 16097
84 682 17707
223 2760 3238
90 2285 15816
80 1384 2801
138 2382 4603
336 1058 8538
140 945 15710
301 1691 5862
96 1576 12448
49 732 11465
59 336 10465
36 263 7919
371 694 2633
78 906 18295
229 3113 14552
210 3334 8841
57 2050 17921
51 1248 1047
106 2424 11677
224 684 7241
336 250 14336
379 748 17918
43 2082 19170
324 1360 11992
90 751 13454
35 1321 13490
322 3439 3902
345 2555 6648
98 3183 6582
411 3008 19392
355 3217 14231
116 946 15621
277 2241 14658
19 2580 15180
215 2924 3949
76 3142 6519
117 2313 9369
325 871 2563
269 2877 161
390 232 452
113 3339 8914
322 3352 11117
127 2865 4000
413 3310 16034
156 3230 17139
142 2216 1055
400 3316 7537
222 498 3146
45 2126 170
29 2079 14284
231 1316 12694
189 1656 18520
162 540 2887
26 1897 19644
125 666 13570
338 2203 5871
5 51 9909
194 2487 15796
90 2858 1720
413 3121 5369
143 2306 8244
420 222 14453
100 86 20000 20000
7673 18596 11396
998 19310 15773
13620 10900 8562
14846 19587 78
10959 14825 16011
6202 3747 17243
10190 5757 2428
9315 14654 19246
1037 17531 3936
18204 18728 15050
2306 9854 4712
2337 7623 11874
15881 19473 1791
19059 1967 12747
15160 12348 10163
4410 534 6341
7879 10561 15002
16536 17713 2221
5656 15964 2379
15907 4296 11733
7331 8021 16730
11656 1163 7203
1925 6183 14311
3852 15015 17666
12285 6180 8804
9214 4144 11681
12028 3598 16018
7076 17898 11249
838 12535 11031
3084 19405 19859
11547 5136 5087
7407 9210 9965
15374 1313 5522
2742 3393 17082
9560 3844 13504
4358 15773 16747
19622 8643 7826
12048 16674 8900
9787 5317 11985
8583 14631 1624
14455 10319 3257
12791 3600 11495
12109 4337 271
17924 16411 13665
238 5862 5450
3366 7085 9818
58 6832 10055
12739 12867 3646
345 9069 2225
14255 3542 8111
5862 2528 17577
5088 11818 11901
3839 6414 13760
1126 18921 13649
4771 754 7738
3737 15834 39
18393 17321 7699
6302 5629 10902
14996 4313 9801
18897 12712 6864
11625 7620 3669
299 6806 14145
14876 16632 3769
16645 17162 9056
13162 15138 12796
10310 12859 6775
1630 12551 3485
3647 19456 2329
10455 5396 17327
7651 14334 12123
19158 3350 18211
15366 5338 3237
18353 7976 1768
12181 7004 19464
16751 9541 15719
12487 10160 8766
1393 19725 13076
19258 10948 14443
18329 14071 2280
16417 17264 4569
4112 7579 9814
12666 17714 12763
370 10671 11511
13929 17446 19952
14003 18701 5260
14815 3985 3318
10814 9205 17995
2230 6050 1162
3663 2196 8874
18364 756 601
11488 8867 658
16638 14124 8969
841 16790 7235
14159 19581 13019
9661 3447 11938
7643 11028 7855
6162 18208 9158
9731 9803 1158
16050 2528 7886
5099 18679 110
100 19 20000 20000
346 6179 12902
18574 6680 8836
16140 6641 7973
1312 19556 16309
4578 3133 12324
5646 5156 6479
3455 8799 16107
19240 18627 17320
9892 12785 4008
17593 12510 18866
5396 18630 13116
12302 5556 11677
7739 4879 19634
17518 18601 16322
3161 3238 7988
18773 6800 19267
15854 88 15628
10335 11091 4045
9248 14978 7039
4153 14772 7996
4799 19551 4421
18458 14914 12428
5505 11365 11339
358 5523 15445
8927 16164 1158
3494 11047 8725
1100 6823 19368
6018 12412 113
6721 15335 9522
9999 6059 10189
2464 5538 16888
13315 15224 4964
16983 11942 12062
5998 17847 9147
2454 2540 249
19592 7298 3867
5358 3892 12298
16253 18380 13367
8598 11107 16396
8360 16097 16473
9698 16429 11324
8877 2673 16897
17265 16164 19265
9383 902 8635
10819 11539 6040
14881 19693 526
7694 19770 1441
6255 4125 13213
11789 16984 3582
15621 4914 12284
19222 16420 10872
10635 13684 16182
19590 10062 16032
8561 14094 7847
3582 12183 3005
16348 83 18910
19190 2736 15965
10668 10486 5205
12166 16425 4671
2320 17036 1105
16576 4405 17183
15914 15580 12108
7608 14893 9229
7263 7573 3883
7012 8103 9806
7498 12996 4739
11749 18229 8738
3606 8847 19218
18543 16734 175
6243 4596 18869
13548 14406 18924
22 19884 12276
12203 11907 19612
2086 4424 978
19951 15984 14103
14690 2877 6181
15597 10117 14049
15344 17660 7375
1043 7452 11547
11135 5209 10890
17533 17072 4624
5354 10980 18046
5593 4621 11263
15914 19099 11828
3207 2696 16194
15371 11016 16729
2256 10643 16520
11995 4763 5188
3344 12939 4971
4850 17044 12376
6387 3815 14274
3617 14560 17005
1232 5518 5145
490 19841 14786
19951 9730 14057
17328 14467 6904
19127 7633 16072
13034 15822 3360
5307 7845 13812
1146 18165 2144
19 2 19864 11831
13179 2999 24
6139 4879 11
14419 3532 15
4915 5516 29
2093 4498 21
13087 8657 29
5411 9564 27
11404 9627 20
11017 9487 29
7999 8284 1
10553 8840 18
13939 2820 19
13219 2654 25
15621 11285 12
7088 3446 1
18606 9859 19
6054 9127 11
1999 9890 14
12787 7727 15
39 0 6908 17586
3056 14716 19
2071 16106 9
1732 2538 14
3038 13372 28
5384 1896 28
1448 9672 22
4854 13975 12
3212 17450 19
4719 15309 6
379 7461 25
1482 3022 22
5509 2535 20
2288 9723 9
3199 4714 13
3242 10611 22
5754 10280 12
5410 14383 1
6438 7214 17
3895 7269 9
321 5636 10
4850 16988 16
1670 16628 7
166 1232 3
1006 12516 28
5490 11536 20
3182 9923 13
5480 8624 26
4721 13168 21
5267 13524 10
571 6505 19
4650 8727 15
6082 17561 30
2426 8208 16
6408 16387 9
3943 11396 22
6634 6436 22
3541 3891 19
5423 1667 29
1218 8544 7
90 85 17490 16107
16885 13983 20
5658 7225 12
16037 7733 9
8216 15612 17
2057 12461 19
13858 2342 14
7715 10135 19
11561 13168 20
11639 9487 14
14465 10056 17
11096 311 1
11557 4870 26
6848 10761 24
8846 7660 3
14229 3236 21
6021 2617 28
9328 9991 11
7157 10112 12
1733 5664 10
12017 13089 15
7086 9051 27
8074 9590 10
9594 988 11
12036 9174 1
6135 14620 3
4617 15831 27
9881 2441 30
8582 229 29
1044 7966 8
13429 5659 10
12695 15930 15
3230 5444 7
13337 12605 4
4906 9485 17
9109 2966 12
8055 11624 17
17058 5656 27
5160 4457 15
9205 3621 3
1214 4256 26
8474 9883 1
1636 13688 24
16680 787 30
7078 8908 27
12184 7203 18
1231 5154 1
12075 400 9
5529 13712 13
3198 9125 17
5485 6082 4
754 2922 1
6352 9008 14
5866 9103 28
2222 4753 23
11087 8363 1
5431 6392 16
10222 4315 26
2892 15950 10
11910 2470 23
9414 11367 10
6678 10316 3
187 7437 25
4877 2769 10
14057 14563 5
15563 9084 14
13373 12134 14
4671 4995 25
12077 364 8
2764 3187 24
7637 14053 8
13085 1941 2
16281 4806 22
8867 11467 27
16562 6851 25
5206 7928 28
12757 4869 4
7320 823 27
3079 9293 4
1999 15939 14
1786 7242 26
15983 304 17
16281 12585 6
2645 9422 20
4514 7994 27
2234 4434 28
3401 8285 15
2792 15424 7
11615 13265 2
10556 15991 29
11669 10579 14
92 80 696 693
82 497 20
189 338 3
451 373 1
572 118 1
608 304 20
363 213 24
459 264 17
147 86 2
475 291 27
298 135 5
429 667 25
177 153 26
402 469 23
621 294 10
148 277 27
410 622 20
421 308 11
282 679 22
443 214 23
222 43 10
542 210 13
164 561 22
279 513 17
611 651 3
345 44 4
558 206 2
633 227 21
543 127 6
574 580 16
409 243 10
17 359 22
121 691 9
412 340 23
212 38 24
476 122 23
659 435 26
492 575 29
540 39 6
173 226 16
139 484 27
600 480 14
66 669 15
372 413 27
550 175 6
559 43 28
220 660 7
415 397 26
509 494 30
664 469 19
183 406 29
353 238 9
33 196 13
327 125 28
340 84 19
670 580 21
316 31 16
390 336 25
459 168 12
114 404 27
115 528 22
355 370 19
523 509 4
562 120 14
376 236 7
177 259 17
636 268 20
416 682 28
416 348 23
407 470 19
119 451 12
224 235 21
635 670 25
451 150 2
143 446 2
393 121 13
230 220 7
507 605 27
277 355 17
223 271 13
577 466 10
399 151 13
603 55 21
52 381 10
362 332 2
347 253 1
524 340 24
459 402 16
106 470 15
304 252 1
528 287 9
217 416 25
626 182 27
55 49 14493 5903
33 736 15
9442 5127 21
12309 1311 25
11687 4984 28
4079 2918 14
4483 1534 29
4560 3679 18
14364 2230 18
6330 906 2
2086 5633 4
6542 246 12
7208 1008 5
10994 3353 13
3404 2336 29
13585 2241 12
10325 3495 8
8671 5898 15
7829 1800 1
13689 733 3
9605 1692 15
11720 1717 6
9933 918 5
4791 4678 1
1004 1589 18
12604 4694 5
809 4944 5
10376 975 9
2350 2955 28
3707 3435 9
2150 1725 1
7750 4546 23
12390 1915 7
7249 4114 11
12089 3339 20
901 5754 16
3828 2001 22
3506 5454 23
765 3003 6
8979 3250 23
14323 3699 3
13675 2896 19
6891 5116 1
12984 4032 19
12931 3289 24
2143 5515 10
11345 2590 10
9138 5456 26
9260 486 18
4118 5353 24
822 1849 9
8766 2573 16
2453 578 16
3673 227 21
9807 2746 14
2600 284 8
5 4 3215 7768
626 5348 29
3050 1416 30
2231 4521 22
2007 7247 1
3160 7659 29
76 19 17853 6531
15415 4202 10
17753 2416 6
5513 1435 20
4463 844 9
8905 5652 26
8784 5871 25
11543 191 19
10385 6405 7
11232 4085 26
4538 4193 8
2924 505 5
1258 4346 17
4639 48 27
5129 4017 21
4003 3943 6
2759 3347 30
2780 4167 21
8053 639 15
16661 4950 14
3324 4246 8
1859 1244 17
13671 974 18
1433 1801 9
10795 4218 12
11622 266 17
605 1534 9
872 1989 16
11463 6420 27
7054 266 4
2844 3765 25
7257 4777 26
15109 926 25
10628 514 17
3650 2469 15
6874 6189 14
5411 523 5
17365 1806 11
13847 2778 24
9588 2197 2
11347 1698 15
13382 4308 14
7352 3867 28
3690 5568 14
6723 5011 5
14440 2061 7
3018 1762 3
17254 3211 16
11400 4406 28
14304 2320 8
7323 4066 24
658 5748 6
16698 4430 24
2491 2283 27
11561 2221 4
14231 6269 2
361 5423 20
13099 3584 6
14353 1344 5
9214 1935 29
4967 4290 16
4116 209 13
197 804 17
17201 5723 7
6767 6146 27
7196 5264 12
3473 3060 13
13838 668 30
8986 5418 16
17754 5353 29
11709 2045 16
6248 4349 29
6933 5102 7
6682 373 17
11600 2747 17
13611 5158 7
9925 5105 1
72 0 6288 5162
3096 326 30
4937 5091 2
4981 3453 17
1366 4735 11
6085 947 6
5002 1960 11
5059 5023 5
2433 4749 19
4032 1812 11
4061 4747 19
2435 1164 28
4465 3183 30
5287 2192 11
5768 3022 1
4463 1634 20
1853 4984 25
5304 2340 3
4224 3230 18
3650 4150 11
515 1482 10
1351 1150 1
1160 1039 10
17 71 22
15 4852 7
4211 118 2
1241 3210 22
5158 4338 17
3095 23 30
312 3902 5
5112 342 22
5976 617 29
3193 2486 22
5732 2016 20
4829 3257 9
4816 4014 27
369 3439 18
907 43 12
5465 1069 30
5656 4484 24
389 1199 25
3545 3491 30
1890 2992 8
5918 1503 26
5050 3099 24
5342 4127 7
1399 3122 16
256 5072 21
2750 754 16
519 1423 18
315 2652 3
2999 597 29
3355 3452 18
5825 1825 29
4595 746 8
5191 3211 26
3642 3887 24
2240 3158 10
5502 2770 28
5403 2454 21
6103 2403 10
2139 3172 10
311 2886 11
5601 3806 16
2755 3316 29
1311 4879 11
4927 1302 16
3414 4617 17
5870 4506 13
482 4392 14
954 3727 17
6058 2329 7
765 550 27
28 0 16064 9122
12314 735 17
11255 8473 6
1927 6003 15
13933 8042 24
1266 8195 22
16028 7881 3
11079 2612 23
2363 6819 20
14794 7592 23
9535 1680 6
8294 3103 10
13195 8154 16
8979 1683 13
4395 2704 24
15742 534 8
15041 7258 4
5713 1329 16
10402 7855 27
6443 8133 18
9005 7488 17
114 3768 19
15160 4907 2
4130 648 21
2005 8493 6
11698 6449 7
3323 4998 29
14474 7489 17
10700 3168 20
55 19 17041 12432
7932 3255 2
7496 4353 21
5283 10878 11
9415 5318 5
10740 678 24
7692 3147 16
4882 4736 19
16201 7333 10
6929 7089 26
12072 850 20
6376 8183 23
12860 2267 18
12549 8135 20
13663 6399 28
5131 9050 5
8778 694 3
13271 4304 28
12371 12359 18
4976 9155 21
15649 11313 8
3117 2560 29
10251 1360 14
1600 10440 5
11326 12215 22
11456 10431 9
11325 8212 13
740 9798 24
2179 4495 23
6379 12362 21
2084 12233 16
9161 5825 30
9713 9219 18
4988 4488 8
11274 500 8
7757 10220 13
1502 2597 12
1633 6721 1
942 7475 12
5279 4445 5
15120 450 26
6492 7 8
1216 9343 9
13650 3918 29
3408 10771 22
8063 2162 20
271 1838 20
15898 4569 8
8872 5375 23
688 11548 8
9809 11022 24
4061 9183 1
4532 9302 3
11158 6082 18
15211 7792 13
12050 4313 12
