100
1 1
1 99999999999999999
100000000000000000 1
100000000000000000 99999999999999999
42 467
335 501
170 725
479 359
963 465
706 145
282 827
962 491
996 943
828 437
392 29210183066286615
422 37434264042495011
772 23078142208258749
36 19790176148397959
674 9330086264190245
548 55290397066759105
724 19484171964342095
191 3686022694095121
265 45298326682619977
371 30702214226428563
967431038652000 967
5781188668701600 323
101971697898840 833
4331746408550400 307
31737212951400 271
664772947156080 291
4072996378214400 31
1855134135720450 431
547842686976 753
2558738241259200 589
23951599102782 1802075996249295
3195048898800000 8084055710143075
1443886290000 39338284998517517
3580068851827200 936013074060587
272008788406080 28620186954341153
791464471200000 22018143798298451
464838842990592 58630370788599591
1169596214582460 41598305608596757
10081579992120 15918107892220045
7780322178720 45294324490575599
3107856192140700 20646161180317771
873342078128520 5022072140224961
301496156160 48366310768551189
857575678961400 34380246234491941
784223262108000 60292397874694433
1343666311680000 34876248990458987
172046240625924 24912200942414847
311031049595904 40108242474388069
1213247466962804 964014074079941
54803925047520 43320312506600517
800215627211000 8950109746253027
137010607605312 8830071610187009
100578077076480 15038106584219959
139212870697524 15256101142174323
10724611497600 62008426914757683
9384973517920 15802133188274067
1294783520177088 37794236100382725
60088203000000 43390305658579069
171317379796200 42240299746524679
7019152225272 60456386824661887
547589417114400 5252082768212297
997667236757016 26524179536364943
32962117968 12824128040311011
1918836265928400 27660227762469773
1316929616640 4608053170156755
286658735183136 44858295136536455
64695613142160 37648254860466861
875238659592960 58724378138631943
17020072218240 48460299892476655
820148658966000 33946246592463003
129659369545728 9352081990166249
132186977556480 35742217706395311
570331402149600 3276072726199807
348646495220856 33284239416468403
1016511772298400 56594364912605473
69323513285754 61392394692679211
332696098709520 38708270878501565
466961083948800 24364203192397959
10035230073290400 12936136700345937
111346349587200 47986339566598029
4335916625040 30998235930441383
1669146775296 44344321044600517
1455884216841600 1502059424174707
208392238248480 35730260208481205
3313556379733600 56580371370610623
64870088427144 48946347982653609
27146217246720 28032179324285743
509864202496000 9364059362116495
1440008220690270 15900121088263025
43515157851648 14078104176237085
99999999999999077 99999999999999641
99999999999999743 99999999999999233
99999999999999056 99999999999999045
99999999999999682 99999999999999273
99999999999999589 99999999999999975
99999999999999645 99999999999999999
