45
3 2 2
3 3
-1 -1
2 2
6 5 3
2 1
2 2
1 0
-2 -2
3 3
2 0
32 -294967296 -294967296
1000000000 1000000000
1000000000 1000000000
1000000000 1000000000
1000000000 1000000000
1000000000 1000000000
1000000000 1000000000
1000000000 1000000000
1000000000 1000000000
1000000000 1000000000
1000000000 1000000000
1000000000 1000000000
1000000000 1000000000
1000000000 1000000000
1000000000 1000000000
1000000000 1000000000
1000000000 1000000000
1000000000 1000000000
1000000000 1000000000
1000000000 1000000000
1000000000 1000000000
1000000000 1000000000
1000000000 1000000000
1000000000 1000000000
1000000000 1000000000
1000000000 1000000000
1000000000 1000000000
1000000000 1000000000
1000000000 1000000000
1000000000 1000000000
1000000000 1000000000
1000000000 1000000000
1000000000 1000000000
31 1000000000 1000000000
1000000000 1000000000
1000000000 1000000000
1000000000 1000000000
1000000000 1000000000
1000000000 1000000000
1000000000 1000000000
1000000000 1000000000
1000000000 1000000000
1000000000 1000000000
1000000000 1000000000
1000000000 1000000000
1000000000 1000000000
1000000000 1000000000
1000000000 1000000000
1000000000 1000000000
1000000000 1000000000
1000000000 1000000000
1000000000 1000000000
1000000000 1000000000
1000000000 1000000000
1000000000 1000000000
1000000000 1000000000
1000000000 1000000000
1000000000 1000000000
1000000000 1000000000
1000000000 1000000000
1000000000 1000000000
1000000000 1000000000
1000000000 1000000000
1000000000 1000000000
1000000000 1000000000
31 1000000000 1000000000
1000000000 1000000000
1000000000 1000000000
1000000000 1000000000
1000000000 1000000000
1000000000 1000000000
1000000000 1000000000
1000000000 1000000000
1000000000 1000000000
1000000000 1000000000
1000000000 1000000000
1000000000 1000000000
1000000000 1000000000
1000000000 1000000000
1000000000 1000000000
1000000000 1000000000
-1000000000 -1000000000
-1000000000 -1000000000
-1000000000 -1000000000
-1000000000 -1000000000
-1000000000 -1000000000
-1000000000 -1000000000
-1000000000 -1000000000
-1000000000 -1000000000
-1000000000 -1000000000
-1000000000 -1000000000
-1000000000 -1000000000
-1000000000 -1000000000
-1000000000 -1000000000
-1000000000 -1000000000
-1000000000 -1000000000
-1000000000 -1000000000
32 1 1
3 3
1 -1
3 -2
4 -4
4 -5
-3 -1
-3 4
-1 4
5 -2
-1 0
-4 -2
2 4
2 0
-3 -5
4 -2
-1 -2
-5 -4
-3 -2
3 -2
1 -2
0 3
0 -5
4 1
-4 -4
-3 -1
1 -2
4 -4
-3 1
-4 3
4 0
-5 -2
0 -1
32 1 1
1 3
1 -3
0 -3
0 -4
-3 2
-3 -1
-4 3
2 1
-3 5
0 2
4 -5
-5 -5
-3 0
2 -4
3 -5
-4 -5
1 0
-4 -2
1 5
5 -2
-5 -1
-2 3
-5 4
-5 -5
-2 -5
3 3
-4 0
-4 -1
4 0
0 2
0 4
-5 5
32 1 1
1 5
4 -1
4 2
2 4
2 -5
1 1
5 -5
-4 5
-5 0
0 2
-1 2
-5 2
-5 -2
4 5
1 -1
3 -5
0 3
-4 -2
-3 1
-1 -2
-3 2
-3 3
-4 1
-2 4
-4 1
-4 -2
4 4
0 2
-2 1
-5 5
4 5
-3 -1
32 1 1
1 1
0 0
0 0
0 0
0 0
0 0
0 0
0 0
0 0
0 0
0 0
0 0
0 0
0 0
0 0
0 0
0 0
0 0
0 0
0 0
0 0
0 0
0 0
0 0
0 0
0 0
0 0
0 0
0 0
0 0
0 0
0 0
32 1 1
1 0
1 0
1 1
-1 -1
-1 -1
-1 1
-1 1
1 0
0 -1
-1 1
-1 1
0 1
1 1
1 -1
0 0
1 1
0 1
0 0
0 0
1 1
-1 0
-1 0
1 -1
0 -1
1 1
0 -1
0 -1
1 1
-1 -1
0 -1
-1 -1
0 0
32 1 1
0 1
0 -1
1 0
1 0
1 1
-1 1
1 0
-1 1
-1 1
1 0
-1 0
1 -1
-1 -1
1 -1
-1 -1
1 -1
-1 -1
0 0
-1 0
-1 -1
0 0
1 0
-1 -1
1 -1
-1 0
1 0
1 0
1 0
1 1
0 0
0 1
1 1
32 1 1
-1 1
-1 1
1 1
1 0
-1 -1
0 0
0 1
1 -1
-1 0
-1 0
-1 1
-1 1
-1 -1
1 1
0 -1
0 0
0 -1
1 -1
-1 -1
0 1
1 0
-1 1
0 1
-1 0
-1 0
-1 0
-1 -1
0 -1
1 -1
1 0
1 -1
0 -1
32 250593672 -298470375
649327041 661606161
-536137350 -521200055
186520243 28122556
-693627267 -980226392
-983013797 861943366
999528911 -228844980
-956206377 278604422
-207323886 925402610
-886765566 342290231
-170785193 -854062857
73112910 66100814
572868453 -809038170
-725365461 -306456741
-184351142 576986311
804294650 929210756
-530409211 498131685
504652503 -728488056
-208287370 335529860
545560617 571390613
708522137 -382002538
806101079 -48754129
-478129298 439754122
-539892317 -547615838
867763190 381891239
-18836865 773678315
-939811366 365691930
102316670 428153636
58131777 -897589858
896323341 105701024
905549111 -965452309
964497118 407100599
979966954 141421952
32 639628609 995898872
-834787561 -305255886
-207715662 134600841
639824337 -961415933
-529242785 86126780
511645661 -992207994
-378082030 -709492219
239685664 895638888
103470451 45193180
479831213 -36658833
488356934 366412222
693601762 -283806375
228351840 152973294
156677728 -578979842
229895486 -272493072
418526019 -588816621
-468371132 -721213695
79511727 689596784
-979930427 847896550
350885875 954327180
372772205 -322905110
366572719 -652607716
-705588473 788651320
-358421832 250839993
718862341 -991246809
-450976974 -318219956
-855265760 -966581537
542065299 429987371
824026832 -801317448
492958029 -728825688
923116386 -680018923
-561148171 651400581
375680022 507668479
32 864902406 318676236
-439738434 64251888
587646660 291392546
758254567 -745945269
609924529 -229784982
-604091829 238664695
-727075091 122865250
-830550792 -259320695
376242427 623630209
-902189822 -327771815
-40169591 -474493171
-53965653 -505930635
-24190812 -355329919
-905311965 -468881580
-408066070 -705096003
155814657 259125657
914060720 -328661336
819170496 -930244890
-688601346 897464491
196438857 -410238665
-868094238 -372630761
-100924647 353737240
981595055 488818963
-723597379 917021621
531854410 -683467913
951271611 428782443
-978201515 485571006
386157760 -777163962
-147411284 935111347
720523374 -212162347
484029247 647349033
-614903675 -66570613
-135803650 -955651264
32 771580 -36953385
-2189913 -3600627
-5283680 -7497758
3036897 -6578984
-8644880 -158145
-2597326 -3769809
-8824021 5412799
-5821656 4176281
1797966 -4386911
-9050640 1666805
566143 -5660278
-2468998 808833
-6354005 780397
-234017 -8788878
-6693826 6481635
6199074 239178
6812672 -4839497
-8431897 -6236370
-8485370 -7215698
-3755547 4580909
6246318 -8166602
8389715 -2329963
2624547 9500432
7720395 -596234
4855061 3481367
9951811 5455349
1272490 7085646
9178628 -5803966
4369454 5243125
2073027 -8444371
-994834 9782529
6457100 -9927599
-949108 -7646980
32 -25460430 18202231
-1729936 237762
7538850 9051969
-1851767 -4315291
6939824 5533642
-1345630 -5313610
-8844467 8888984
-7383561 3505177
-4027139 -4498194
6820708 -8833537
961778 -5257993
-8140925 -1924266
1246790 1148883
-8402608 8496170
7287913 8644117
2974768 -2209913
3335444 -5236667
-4880522 9244385
1774887 7825566
8092708 3823013
-4264122 -4699128
9200752 8673810
-4523754 -2204534
-4886034 -9178945
5799868 7802865
-3902403 -6745509
-1389627 12142
-8128022 -6289350
706806 4081538
-2318295 -3399557
-8574779 -1925273
-3469754 6875503
-78181 -3611528
32 20230018 4839694
-9487839 1700255
3719156 6664553
-4576454 -6704248
-9633162 1803980
5355942 9957326
6970856 -8278310
-2596267 7535910
255748 -6692069
-7828627 4587196
8557984 -6846788
3997905 768101
8484269 5206292
-2364580 9233175
9913877 8170157
6670338 -8028947
7613326 -4119742
-6840624 -1124761
1334332 -4237990
2851419 -6447403
-4065048 -9674955
-5221486 5759710
7157189 4634810
-7531937 1848498
-2474162 7953091
8120150 1874371
5461616 -1105002
7028971 5745243
-4420540 -9883236
-6792280 -3373412
-2476978 -2945588
-3181602 3069550
6228526 -2210073
32 456343078 862453044
456343078 862453044
109298646 300927248
220606218 437021483
-994239745 -775064162
-464482230 494623264
-592593948 -265059732
721685665 605962686
-325737290 -568432928
441908759 233551618
352272715 -823975034
-387058640 559137286
-126576650 210514842
322029080 840566437
-661625002 -463300612
-562187449 977518503
-636566163 677570261
-931839898 -578712571
-592266224 469013677
597880323 858501935
151255025 110089238
-236047451 188188747
-846538205 685747836
-760018179 183091677
-447057524 373376818
28202253 846589371
-364433262 667196101
-627506026 -593092413
-927380912 743912596
-94895877 -74392376
492799149 -237849731
-243611737 845321886
129912151 821394913
32 -862857356 265112863
-862857356 265112863
191068355 -133497069
-502153235 105106709
916498302 678811354
248261192 -290377613
-891003474 -728251969
-696151536 -910919579
-25587934 -211214849
759190726 -994102947
436234897 -317710367
-242825712 -408037087
-45328748 -590617901
893283918 374346778
-343908337 508102393
-414284277 -252241017
-509466562 318337995
656866714 -737422170
79141083 159657285
-196618270 -878467277
624101500 127833037
-535645812 274856766
346620201 -657544454
-622505701 268205953
-565198709 -784329898
341807631 -483595391
-855735199 -499298448
-924244608 -765883648
854220717 882405796
-641323471 -104456608
355074027 203757206
-146804702 -782474000
-330539318 -196271636
32 750047810 -463545997
750047810 -463545997
-20667890 -738151269
-125922782 948562408
40954545 703194871
5065635 -759614120
-352519985 -520037918
875800955 84376175
820450304 148373845
120702851 15946498
151417757 116568507
-833894208 881553789
350554422 551177603
427851221 -108564858
881235568 513338241
47869201 562400428
837705031 -710614231
-942876901 -933583024
706541264 805081280
313884006 -472839446
928383740 -404153565
-9702029 -638223310
-334038202 157375095
652970491 219820844
-225451185 -123355533
341067830 -804821278
-416170105 521412949
687397397 649968318
299339083 660904851
-876063177 686192007
-660425765 558266389
-85904376 -741802816
345221119 -797075434
32 -748164904 978982376
-748164904 978982376
748164904 -978982376
617452703 920681129
-617452703 -920681129
-849708706 -243442405
849708706 243442405
754768367 -778717117
-754768367 778717117
836037687 40232446
-836037687 -40232446
-890220041 481470519
890220041 -481470519
-209753368 -666639918
209753368 666639918
327749849 642520725
-327749849 -642520725
79479229 421979977
-79479229 -421979977
-455880285 520613006
455880285 -520613006
-906703568 867679186
906703568 -867679186
-876994779 621251815
876994779 -621251815
712516842 -483497817
-712516842 483497817
535566302 894316390
-535566302 -894316390
-653543876 -492658269
653543876 492658269
-173743455 -981793545
173743455 981793545
32 76616933 733228554
76616933 733228554
-76616933 -733228554
954687426 449779113
-954687426 -449779113
-394597164 825451140
394597164 -825451140
-5812095 -127162250
5812095 127162250
21301907 -334646667
-21301907 334646667
181426136 8015011
-181426136 -8015011
-562939137 -906912090
562939137 906912090
-268117470 -714120420
268117470 714120420
-898753985 -357521252
898753985 357521252
162981518 -106371071
-162981518 106371071
-504066627 -783865419
504066627 783865419
292521703 134175611
-292521703 -134175611
307794380 980307133
-307794380 -980307133
-976901481 -101414380
976901481 101414380
747326186 881179839
-747326186 -881179839
-651281527 -448637085
651281527 448637085
32 -729343750 620474842
-729343750 620474842
729343750 -620474842
-26024359 -558170207
26024359 558170207
-655367609 -623989176
655367609 623989176
939509124 294953255
-939509124 -294953255
-763119903 -360853476
763119903 360853476
-987345783 48896829
987345783 -48896829
-993254144 69547425
993254144 -69547425
987724086 -629934512
-987724086 629934512
-971301506 -536447735
971301506 536447735
650137486 -533208930
-650137486 533208930
-529253069 674369989
529253069 -674369989
140230130 672863035
-140230130 -672863035
442186165 -900575132
-442186165 900575132
-448620478 -397900027
448620478 397900027
-648738435 480224665
648738435 -480224665
-8765015 758362922
8765015 -758362922
32 37 37
2 2
9 9
18 18
32 32
30 30
8 8
6 6
31 31
4 4
20 20
21 21
22 22
3 3
7 7
10 10
16 16
13 13
11 11
12 12
26 26
28 28
29 29
19 19
14 14
15 15
23 23
25 25
5 5
27 27
24 24
17 17
1 1
32 38 38
6 6
9 9
17 17
30 30
7 7
11 11
15 15
10 10
29 29
3 3
26 26
2 2
14 14
22 22
27 27
1 1
25 25
20 20
12 12
23 23
4 4
13 13
8 8
16 16
28 28
5 5
21 21
31 31
32 32
19 19
18 18
24 24
32 32 32
23 23
13 13
28 28
22 22
29 29
9 9
3 3
8 8
25 25
19 19
14 14
16 16
20 20
2 2
10 10
4 4
6 6
30 30
32 32
1 1
7 7
21 21
17 17
11 11
31 31
15 15
12 12
27 27
18 18
24 24
26 26
5 5
32 37 37
12 12
17 17
20 20
26 26
10 10
4 4
21 21
1 1
16 16
9 9
8 8
18 18
11 11
29 29
23 23
3 3
27 27
32 32
15 15
13 13
6 6
25 25
14 14
2 2
22 22
30 30
28 28
24 24
19 19
31 31
5 5
7 7
32 39 39
16 16
28 28
1 1
12 12
23 23
14 14
22 22
15 15
5 5
25 25
2 2
7 7
24 24
3 3
10 10
29 29
6 6
21 21
13 13
32 32
11 11
19 19
31 31
8 8
18 18
17 17
30 30
9 9
20 20
4 4
26 26
27 27
32 34 34
7 7
20 20
4 4
21 21
11 11
10 10
9 9
28 28
31 31
16 16
19 19
1 1
13 13
6 6
12 12
32 32
24 24
18 18
5 5
14 14
23 23
3 3
29 29
27 27
26 26
17 17
22 22
15 15
8 8
25 25
2 2
30 30
32 41 41
14 14
24 24
31 31
28 28
6 6
16 16
17 17
29 29
4 4
13 13
32 32
18 18
21 21
8 8
7 7
2 2
30 30
1 1
27 27
23 23
3 3
9 9
11 11
26 26
25 25
5 5
15 15
12 12
19 19
22 22
10 10
20 20
32 39 39
5 5
28 28
22 22
11 11
8 8
18 18
27 27
23 23
17 17
9 9
25 25
7 7
14 14
4 4
1 1
2 2
13 13
21 21
24 24
6 6
12 12
29 29
15 15
31 31
20 20
32 32
26 26
16 16
19 19
30 30
10 10
3 3
32 35 35
16 16
19 19
20 20
17 17
23 23
31 31
29 29
5 5
7 7
28 28
30 30
32 32
15 15
3 3
25 25
22 22
6 6
24 24
9 9
10 10
4 4
11 11
12 12
27 27
14 14
2 2
18 18
21 21
1 1
13 13
26 26
8 8
32 7672822 1677917
7672822 1677917
-7672822 -1677917
8662949 -5376068
-8662949 5376068
9522760 176415
-9522760 -176415
-26960 -9443613
26960 9443613
9498867 5478742
-9498867 -5478742
1707532 -3522852
-1707532 3522852
8514497 -9792592
-8514497 9792592
-7250208 8611729
7250208 -8611729
41456 -2949833
-41456 2949833
-5435086 -8551476
5435086 8551476
-2667481 -8781009
2667481 8781009
6996076 4897663
-6996076 -4897663
3231787 -2252766
-3231787 2252766
382779 -987519
-382779 987519
-4834577 -2451342
4834577 2451342
9295362 4989789
-9295362 -4989789
32 448466 -4720835
448466 -4720835
-4963616 -8442070
8402056 -6227702
8526961 9079849
-16929017 -2852147
751615 -8333451
5584279 -3895602
-6335894 12229053
-7358570 -8378510
-3160812 -2848390
10519382 11226900
3112601 -2747347
5377755 163069
-8490356 2584278
-7077922 8287351
-4408986 6758735
11486908 -15046086
-3549628 -6477879
2981320 -5003347
568308 11481226
-4248832 3829311
-3050218 2247649
7299050 -6076960
-9860759 2526477
263389 3990182
9597370 -6516659
2981111 -6939429
-2640906 7098921
-340205 -159492
-5948923 -4186384
-7664091 -2538568
13613014 6724952
32 3122973 7879561
3122973 7879561
7502077 -329193
-4169435 -7163295
-6455615 -387073
-7157063 -9838382
4202490 -2313853
-5923426 3424786
8877999 8727449
1064140 534636
-6683029 -3739297
9647414 -3114908
-4028525 6319569
1387257 4442656
-7554724 -7257626
3620001 -5549444
2547466 8364414
-5451007 315947
-6526962 910465
-2668735 7314847
14646704 -8541259
-100678 8729556
2769058 -7717817
7990821 2874657
-10659201 -3886396
1187462 -5827938
-1002998 4651285
1343826 -4825599
-1528290 6002252
-8307182 2688509
8292871 5098283
498545 -2966859
-484234 -4819933
32 4833742 -4298488
4833742 -4298488
7487705 -913306
-894396 2223324
-1198576 -6965793
-5279728 -1918970
5499026 1924775
1873674 4736664
9167562 -7603630
2175797 -4636623
1506412 -3620432
-1854329 -6013993
-10995442 21874678
-5116473 -9888876
-4318097 9300744
-7921265 -9542860
-5523581 976982
22879416 9154010
1739047 3528402
-1581752 -910852
-7754660 -4450007
5292871 -5710213
2304494 7542670
2742076 5334458
-1848053 472193
-5860195 4166623
3908810 -187528
1057362 -9785746
-6651493 5131482
-7398519 3866277
-5065413 -9557194
-9388756 -8322809
28504181 8882244
32 9672796 595217
9672796 595217
-9672796 -595217
5528578 -8346203
-5528578 8346203
-1736734 -2167746
1736734 2167746
110989 -4344231
-110989 4344231
4293332 -7494894
-4293332 7494894
-6260548 6530749
6260548 -6530749
-5620242 4193050
5620242 -4193050
6187035 -6602275
-6187035 6602275
-7209614 -749581
7209614 749581
8730543 8203214
-8730543 -8203214
-5791224 2377962
5791224 -2377962
-2518679 5410080
2518679 -5410080
-8121996 3984181
8121996 -3984181
5414886 6688052
-5414886 -6688052
5890946 880328
-5890946 -880328
3642364 7272895
-3642364 -7272895
32 5180832 8224296
5180832 8224296
3327548 4602060
1699104 -7116004
8250468 938333
-9949572 6177671
-31465 9490736
5007027 7596245
-4975562 -17086981
-8986452 2243350
4833169 8832001
4153283 -11075351
-1147808 3281237
9083505 -8857007
-7935697 5575770
2964235 -7097761
-2908685 -9293136
-55550 16390897
8947712 7028614
552702 5629030
-9500414 -12657644
654639 2460842
3088815 -7928245
-3743454 5467403
-6325797 -3886362
1889449 1062816
4436348 2823546
5195219 6858134
877844 5902733
-6073063 -12760867
2901083 8587254
-928832 -4856139
-1972251 -3731115
32 6125306 -1165748
6125306 -1165748
1010273 -6804852
-8109699 7295909
974120 674691
8456576 9545156
9085748 6648919
8674222 4388321
-26216546 -20582396
-5011756 -2564764
7292166 -2484829
8017336 4163584
-10297746 886009
1676775 2562995
2495868 -1639420
6388806 1355415
-10561449 -2278990
6065248 8474029
-6206230 -1593072
4189961 -9991726
-4048979 3110769
6340154 6828010
5589181 -1080900
-9726946 -7845298
-2202389 2098188
-5131102 -3018289
-9280479 2622487
-7182467 -6545595
21594048 6941397
4097265 6259435
8952092 9840639
1873558 -1822575
-14922915 -14277499
32 384787 -6251773
384787 -6251773
1676770 3217918
4292396 -9524846
-3048968 5217363
2013084 4943537
-4014405 -4538635
757893 3902581
9705653 -571230
-9654254 -8159604
-9296209 1590300
3952768 -521076
5292042 7661610
2457207 -8573503
3276147 -4451085
4904826 3268687
-1350446 3214339
-9287734 6541562
8888840 -1228999
5754486 9668574
-1830773 -8984240
-7515367 -8223057
-5297186 8767722
-3049077 9209509
-6176216 229864
-8320456 -3494499
3933736 -8491091
13612013 2546217
2606078 6460636
7890605 2321455
-7970055 -6557470
-3214126 1452430
687498 -3677051
32 -4456130 921071
-4456130 921071
4456130 -921071
-9846551 -8610636
9846551 8610636
2613005 -4128499
-2613005 4128499
-648474 -4049071
648474 4049071
-1747513 -1105053
1747513 1105053
-9435716 8908242
9435716 -8908242
1547520 946491
-1547520 -946491
6419695 -2129499
-6419695 2129499
9627172 202916
-9627172 -202916
8172423 3648926
-8172423 -3648926
2071889 3023795
-2071889 -3023795
-7604698 -3923748
7604698 3923748
-9282702 -9642990
9282702 9642990
-2952893 -2691662
2952893 2691662
4312250 1554685
-4312250 -1554685
1930681 -402826
-1930681 402826
32 -9280803 107318
-9280803 107318
6917991 7671360
-4688967 -5845162
4977288 3344572
-288321 2500590
-307457 -6824883
-9450786 3453683
9758243 3371200
-3179090 -1735260
4517943 6132753
-1338853 -4397493
-7696731 1018112
-5319830 9555965
13016561 -10574077
3464461 8413562
711572 -3985998
-4176033 -4427564
7084403 9397425
1047695 -6825514
-8132098 -2571911
3532900 2617829
-9905412 -3793372
6372512 1175543
-7537746 5520677
7059580 77075
478166 -5597752
1165222 2874873
9476149 907345
-10641371 -3782218
-1437899 -3341478
6240325 -1972618
-4802426 5314096
32 -9961611 2274180
-9961611 2274180
-8468352 6102607
-4519673 5594595
22949636 -13971382
136345 -53891
7191925 9818021
-7329191 -7701684
921 -2062446
-9530242 981189
9545373 -5104747
3570644 5954643
-3585775 -1831085
-6738179 3734818
1786205 -337011
8697431 2095284
-3745457 -5493091
8954989 -5858219
-390346 -409935
-8475215 -182301
-89428 6450455
-2718643 -5267940
-3584607 -7962676
-9923501 2720908
16226751 10509708
-7144387 -6703769
-305650 7711841
4190042 1342923
3259995 -2350995
454179 -9912342
-2004544 2914653
3507343 -3527351
-1956978 10525040
32 5439796 -5497589
5439796 -5497589
-1104818 -5137664
-6432676 -6554619
367363 -5547709
-8516322 2763905
672472 7211525
13909163 2126898
6492272 -5423736
3254582 9707488
9558868 4265598
3812223 -847520
-23117945 -7701830
1299239 7337765
-6011786 -7165644
-212863 8260437
-9792719 -1390271
14718129 -7042287
3229059 -1826064
9602297 -3459620
-8750053 2335038
1629316 -1688377
-5710619 4639023
-6194763 -5508967
-3615075 -7660306
8234966 -2568131
-757667 253904
2332539 15483500
2753281 6273643
3983354 -2619356
-7709215 7176907
-9490909 6310093
10463489 -17141287
