100
-6 8 17 25
1 1 1000000000 1000000000
1 1000000000 1000000000 1
0 0 5 6
0 0 0 0
8 12 19 17
12 -8 4 4
-12 8 4 4
-12 -8 4 4
8 12 2 20
3 9 12 0
-987654321 23 18273 28372
150 75 150 75
130 117 117 130
-123456789 951 90000351 -98765
-1000000000 999999998 2 9812328
14 16 32 28
14 16 32 26
1000000000 1000000000 -1000000000 1000000000
1000000000 1000000000 -1000000000 -1000000000
1000000000 -1000000000 -1000000000 -1000000000
-1000000000 1000000000 1000000000 -1000000000
1000000000 1000000000 500000000 -1000000000
1 1 1 2
1 1 1 0
1 1 0 1
1 1 2 1
1 1 1 3
1 1 3 2
1 1 -1 2
1 1 1 -1
1 1 -1 1
1 1 3 1
1 1 2 -1
1 1 2 3
1 1 4 3
1 1 -2 3
1 1 1 4
1 1 3 5
1 1 3 -1
1 1 5 2
1 1 -1 3
1 1 -3 2
1 1 2 2
1 1 3 3
1 1 4 4
1 1 2 4
1 1 4 2
1 1 3 6
1 1 -2 2
1 1 2 -2
1 1 2 0
1 1 0 2
3 5 6 2
3 5 6 1
2 6 1982 1984
2 6 1982 1986
2 6 1980 1984
2 6 1980 1986
6 2 1980 1988
6 2 1980 1990
6 2 1980 1992
6 2 1980 1994
48153246 -945761999 -691871564 51968830
-306711735 807080977 -3528082 325775324
-619417191 -936126416 -579783297 -83140915
263317028 -586619197 578411584 -749906971
-782316675 -121593912 258985237 -490886949
-725215521 -839052421 7513801 -23755307
-169419453 820945682 -453041345 217553212
-340208994 699104932 824122447 -124666664
-374797979 -816732058 500010218 -857027564
-78023600 573375257 607974019 127068070
-236421539 139650502 -718031700 -431550887
131564317 25981101 -224503556 -231672551
-449704658 431812468 -790569161 939641942
863731455 -424032093 -80986704 634817679
-136141345 -643790249 -973495834 75802668
-784537299 -158147533 -133122695 339828872
412828147 -938798441 -911580871 168272974
-945326435 449242379 -22947686 -124304624
-58615554 -985559547 -61017262 114155524
-103595373 -720262709 266695992 -588264892
338794763 117969583 -179425163 -502508563
-951432434 -140728184 747651544 239655133
209543988 869996887 -696239220 -348877196
-587124902 735070025 -764167190 -366460250
145568785 845414377 121268390 -477394852
-484655489 -245722994 -407015878 869784315
-809550271 117004303 -87092870 1897279
168986058 25356740 971756413 -451937458
-633470240 893502886 588694996 -455975415
401781586 80268752 -557007665 991472546
109675028 983004983 58704950 -951031945
-573454737 224721295 -209827800 -139495657
-581148277 -687583094 145957437 -963773791
471292984 142899273 598438634 -908791212
-478262034 -203219182 -680913111 719887209
-856880113 310672447 303575128 34891294
-562725265 -276963717 203316321 -974637808
