4 8
1 3 1 7 15 7 15 3
4 1 4 5 5 5 5 2 11 2 11 5 12 5 12 1
4 8
2 1 2 8 7 8 7 1
1 3 1 6 3 6 3 5 4 5 4 4 5 4 5 3
4 4
0 0 1000 0 1000 1000 0 1000
0 0 0 1000 1000 1000 1000 0
4 4
0 0 1000 0 1000 1000 0 1000
1 1 1 2 2 2 2 1
4 4
0 0 0 1 1 1 1 0
2 0 2 1 1 1 1 0
4 4
0 0 0 1 1 1 1 0
1 1 1 2 2 2 2 1
30 30
0 0 0 2 1 2 1 1   2 1 2 2 3 2 3 1   4 1 4 2 5 2 5 1   6 1 6 2 7 2 7 1   8 1 8 2 9 2 9 1   10 1 10 2 11 2 11 1  12 1 12 2 13 2 13 1  14 1 14 0
0 0 0 1  1 1 1 2 2 2 2 1   3 1 3 2 4 2 4 1   5 1 5 2 6 2 6 1   7 1 7 2 8 2 8 1   9 1 9 2 10 2 10 1    11 1 11 2 12 2 12 1  13 1 13 2 14 2 14 0
0 0
