20
5 5 3
0 5 10
50 45 40
100 100 100
10 2 2
10 40
15 5
400 500
500 4 3
500 508 492
12 57 57
400 900 1600
500 8 3
500 508 492
12 57 57
400 900 1600
500 12 3
500 508 492
12 57 57
400 900 1600
496 4 3
500 508 492
12 57 57
400 900 1600
496 8 3
500 508 492
12 57 57
400 900 1600
492 4 3
500 508 492
12 57 57
400 900 1600
504 4 3
500 508 492
12 57 57
400 900 1600
504 8 3
500 508 492
12 57 57
400 900 1600
508 4 3
500 508 492
12 57 57
400 900 1600
488 4 3
500 508 492
12 57 57
400 900 1600
484 8 3
500 508 492
12 57 57
400 900 1600
484 4 3
500 508 492
12 57 57
400 900 1600
100 1 100
50 51 52 53 54 55 56 57 58 59 60 61 62 63 64 65 66 67 68 69 70 71 72 73 74 75 76 77 78 79 80 81 82 83 84 85 86 87 88 89 90 91 92 93 94 95 96 97 98 99 100 101 102 103 104 105 106 107 108 109 110 111 112 113 114 115 116 117 118 119 120 121 122 123 124 125 126 127 128 129 130 131 132 133 134 135 136 137 138 139 140 141 142 143 144 145 146 147 148 149
89 89 89 89 89 89 89 89 89 89 89 89 89 89 89 89 89 89 89 89 89 89 89 89 89 89 89 89 89 89 89 89 89 89 89 89 89 89 89 89 89 89 89 89 89 89 89 89 89 89 89 89 89 89 89 89 89 89 89 89 89 89 89 89 89 89 89 89 89 89 89 89 89 89 89 89 89 89 89 89 89 89 89 89 89 89 89 89 89 89 89 89 89 89 89 89 89 89 89 89
9999 9899 9799 9699 9599 9499 9399 9299 9199 9099 8999 8899 8799 8699 8599 8499 8399 8299 8199 8099 7999 7899 7799 7699 7599 7499 7399 7299 7199 7099 6999 6899 6799 6699 6599 6499 6399 6299 6199 6099 5999 5899 5799 5699 5599 5499 5399 5299 5199 5099 4999 4899 4799 4699 4599 4499 4399 4299 4199 4099 3999 3899 3799 3699 3599 3499 3399 3299 3199 3099 2999 2899 2799 2699 2599 2499 2399 2299 2199 2099 1999 1899 1799 1699 1599 1499 1399 1299 1199 1099 999 899 799 699 599 499 399 299 199 99
64 1 100
50 51 52 53 54 55 56 57 58 59 60 61 62 63 64 65 66 67 68 69 70 71 72 73 74 75 76 77 78 79 80 81 82 83 84 85 86 87 88 89 90 91 92 93 94 95 96 97 98 99 100 101 102 103 104 105 106 107 108 109 110 111 112 113 114 115 116 117 118 119 120 121 122 123 124 125 126 127 128 129 130 131 132 133 134 135 136 137 138 139 140 141 142 143 144 145 146 147 148 149
89 89 89 89 89 89 89 89 89 89 89 89 89 89 89 89 89 89 89 89 89 89 89 89 89 89 89 89 89 89 89 89 89 89 89 89 89 89 89 89 89 89 89 89 89 89 89 89 89 89 89 89 89 89 89 89 89 89 89 89 89 89 89 89 89 89 89 89 89 89 89 89 89 89 89 89 89 89 89 89 89 89 89 89 89 89 89 89 89 89 89 89 89 89 89 89 89 89 89 89
9999 9899 9799 9699 9599 9499 9399 9299 9199 9099 8999 8899 8799 8699 8599 8499 8399 8299 8199 8099 7999 7899 7799 7699 7599 7499 7399 7299 7199 7099 6999 6899 6799 6699 6599 6499 6399 6299 6199 6099 5999 5899 5799 5699 5599 5499 5399 5299 5199 5099 4999 4899 4799 4699 4599 4499 4399 4299 4199 4099 3999 3899 3799 3699 3599 3499 3399 3299 3199 3099 2999 2899 2799 2699 2599 2499 2399 2299 2199 2099 1999 1899 1799 1699 1599 1499 1399 1299 1199 1099 999 899 799 699 599 499 399 299 199 99
99 999 100
50 51 52 53 54 55 56 57 58 59 60 61 62 63 64 65 66 67 68 69 70 71 72 73 74 75 76 77 78 79 80 81 82 83 84 85 86 87 88 89 90 91 92 93 94 95 96 97 98 99 100 101 102 103 104 105 106 107 108 109 110 111 112 113 114 115 116 117 118 119 120 121 122 123 124 125 126 127 128 129 130 131 132 133 134 135 136 137 138 139 140 141 142 143 144 145 146 147 148 149
1 1 1 1 1 1 1 1 1 1 1 1 1 1 1 1 1 1 1 1 1 1 1 1 1 1 1 1 1 1 1 1 1 1 1 1 1 1 1 1 1 1 1 1 1 1 1 1 1 1 1 1 1 1 1 1 1 1 1 1 1 1 1 1 1 1 1 1 1 1 1 1 1 1 1 1 1 1 1 1 1 1 1 1 1 1 1 1 1 1 1 1 1 1 1 1 1 1 1 1
9999 9899 9799 9699 9599 9499 9399 9299 9199 9099 8999 8899 8799 8699 8599 8499 8399 8299 8199 8099 7999 7899 7799 7699 7599 7499 7399 7299 7199 7099 6999 6899 6799 6699 6599 6499 6399 6299 6199 6099 5999 5899 5799 5699 5599 5499 5399 5299 5199 5099 4999 4899 4799 4699 4599 4499 4399 4299 4199 4099 3999 3899 3799 3699 3599 3499 3399 3299 3199 3099 2999 2899 2799 2699 2599 2499 2399 2299 2199 2099 1999 1899 1799 1699 1599 1499 1399 1299 1199 1099 999 899 799 699 599 499 399 299 199 99
999 999 3
500 508 492
12 57 57
400 900 1600
555 999 5
606 505 404 303 202
15 10 15 30 30
16 25 36 49 36
111 11 5
114 112 110 108 106
1 2 3 2 1
9999 9999 9999 9999 9999
