10000
80 49
80 13
80 24
80 42
80 96
80 31
80 64
80 23
80 28
80 30
80 10
80 50
80 76
80 40
80 92
80 67
80 88
80 50
80 74
80 21
80 53
80 10
80 42
80 51
80 62
80 48
80 17
80 53
80 23
80 97
80 47
80 83
80 33
80 83
80 13
80 5
80 7
80 84
80 24
80 25
80 60
80 65
80 5
80 80
80 82
80 69
80 34
80 54
80 28
80 84
80 89
80 55
80 10
80 25
80 81
80 94
80 80
80 6
80 42
80 17
80 81
80 46
80 70
80 80
80 27
80 37
80 38
80 2
80 13
80 82
80 45
80 84
80 42
80 14
80 66
80 66
80 92
80 48
80 63
80 2
80 69
80 52
80 59
80 12
80 51
80 49
80 85
80 11
80 19
80 90
80 76
80 76
80 99
80 53
80 87
80 15
80 30
80 90
80 1
80 38
17 30
17 58
17 9
17 85
17 63
17 97
17 27
17 35
17 30
17 68
17 90
17 83
17 85
17 43
17 4
17 66
17 18
17 61
17 64
17 84
17 4
17 16
17 80
17 69
17 95
17 14
17 78
17 53
17 41
17 18
17 54
17 42
17 5
17 82
17 6
17 49
17 94
17 29
17 37
17 45
17 88
17 45
17 30
17 28
17 94
17 55
17 62
17 66
17 90
17 76
17 95
17 50
17 48
17 82
17 53
17 40
17 38
17 78
17 23
17 64
17 48
17 34
17 86
17 41
17 4
17 45
17 91
17 51
17 32
17 54
17 24
17 8
17 17
17 25
17 26
17 51
17 24
17 55
17 28
17 79
17 9
17 100
17 57
17 98
17 75
17 11
17 55
17 24
17 88
17 11
17 26
17 42
17 5
17 82
17 5
17 28
17 74
17 92
17 66
17 45
95 87
95 45
95 56
95 85
95 72
95 50
95 24
95 35
95 96
95 30
95 48
95 61
95 47
95 90
95 41
95 92
95 37
95 29
95 46
95 66
95 86
95 73
95 61
95 96
95 30
95 65
95 15
95 54
95 29
95 54
95 74
95 26
95 89
95 67
95 75
95 95
95 4
95 95
95 89
95 63
95 51
95 29
95 46
95 59
95 34
95 60
95 44
95 42
95 100
95 77
95 69
95 15
95 81
95 7
95 22
95 12
95 19
95 7
95 33
95 3
95 57
95 62
95 100
95 11
95 57
95 6
95 59
95 55
95 15
95 1
95 16
95 15
95 95
95 72
95 24
95 79
95 2
95 67
95 20
95 19
95 50
95 97
95 26
95 48
95 48
95 93
95 69
95 59
95 56
95 76
95 29
95 27
95 6
95 18
95 54
95 82
95 97
95 65
95 29
95 51
15 81
15 23
15 97
15 79
15 38
15 40
15 14
15 63
15 51
15 48
15 81
15 35
15 75
15 96
15 75
15 34
15 2
15 65
15 64
15 55
15 5
15 36
15 45
15 80
15 8
15 24
15 42
15 93
15 78
15 44
15 40
15 40
15 49
15 51
15 71
15 50
15 46
15 51
15 6
15 99
15 1
15 83
15 81
15 96
15 61
15 76
15 32
15 66
15 8
15 4
15 49
15 9
15 99
15 91
15 5
15 71
15 35
15 3
15 21
15 93
15 40
15 78
15 50
15 73
15 4
15 95
15 79
15 51
15 6
15 11
15 2
15 41
15 81
15 84
15 70
15 10
15 53
15 67
15 9
15 64
15 57
15 51
15 58
15 29
15 46
15 55
15 65
15 66
15 31
15 1
15 55
15 43
15 77
15 15
15 27
15 72
15 5
15 8
15 51
15 19
20 59
20 28
20 36
20 27
20 51
20 18
20 86
20 5
20 97
20 70
20 16
20 75
20 71
20 6
20 57
20 77
20 49
20 6
20 66
20 95
20 76
20 52
20 96
20 94
20 65
20 53
20 64
20 52
20 44
20 96
20 70
20 23
20 30
20 38
20 54
20 34
20 94
20 88
20 48
20 4
20 85
20 51
20 96
20 50
20 13
20 24
20 34
20 89
20 64
20 34
20 58
20 42
20 72
20 33
20 89
20 18
20 100
20 6
20 58
20 72
20 14
20 90
20 10
20 73
20 59
20 91
20 8
20 31
20 48
20 58
20 79
20 7
20 80
20 80
20 20
20 93
20 95
20 85
20 1
20 38
20 45
20 53
20 74
20 7
20 57
20 11
20 100
20 62
20 97
20 35
20 55
20 98
20 15
20 55
20 43
20 25
20 95
20 71
20 14
20 29
94 98
94 56
94 58
94 37
94 15
94 28
94 75
94 49
94 63
94 40
94 41
94 15
94 51
94 99
94 68
94 44
94 13
94 8
94 62
94 30
94 69
94 71
94 31
94 2
94 50
94 51
94 38
94 78
94 21
94 31
94 74
94 84
94 56
94 88
94 34
94 41
94 31
94 72
94 48
94 8
94 90
94 58
94 18
94 35
94 52
94 47
94 82
94 79
94 67
94 7
94 71
94 54
94 47
94 88
94 25
94 28
94 18
94 80
94 1
94 99
94 21
94 62
94 37
94 53
94 17
94 62
94 64
94 7
94 85
94 51
94 62
94 83
94 28
94 6
94 88
94 23
94 35
94 89
94 62
94 26
94 99
94 61
94 39
94 67
94 70
94 86
94 11
94 82
94 9
94 68
94 7
94 7
94 89
94 29
94 83
94 100
94 58
94 1
94 68
94 24
36 53
36 42
36 32
36 76
36 60
36 46
36 54
36 94
36 28
36 65
36 8
36 33
36 1
36 65
36 85
36 36
36 64
36 39
36 60
36 82
36 2
36 85
36 41
36 2
36 24
36 64
36 95
36 68
36 73
36 62
36 46
36 4
36 11
36 47
36 23
36 93
36 27
36 17
36 87
36 8
36 52
36 67
36 43
36 84
36 23
36 48
36 60
36 71
36 36
36 15
36 1
36 23
36 97
36 79
36 26
36 17
36 20
36 12
36 41
36 64
36 92
36 1
36 61
36 32
36 67
36 27
36 76
36 94
36 64
36 5
36 82
36 19
36 78
36 50
36 23
36 34
36 37
36 14
36 69
36 37
36 17
36 99
36 100
36 66
36 39
36 66
36 36
36 12
36 59
36 56
36 80
36 45
36 19
36 85
36 95
36 3
36 10
36 68
36 25
36 30
70 31
70 52
70 64
70 54
70 73
70 41
70 5
70 76
70 94
70 66
70 3
70 8
70 43
70 22
70 96
70 54
70 42
70 83
70 65
70 92
70 71
70 75
70 53
70 4
70 24
70 48
70 23
70 41
70 1
70 97
70 67
70 27
70 76
70 94
70 57
70 45
70 92
70 16
70 2
70 2
70 55
70 78
70 4
70 76
70 20
70 32
70 82
70 12
70 57
70 63
70 29
70 63
70 75
70 96
70 47
70 100
70 79
70 11
70 47
70 43
70 88
70 86
70 93
70 33
70 26
70 29
70 84
70 41
70 43
70 57
70 25
70 88
70 72
70 10
70 67
70 56
70 55
70 84
70 91
70 9
70 25
70 34
70 71
70 48
70 9
70 27
70 79
70 94
70 60
70 30
70 71
70 68
70 8
70 66
70 91
70 92
70 10
70 14
70 74
70 64
7 33
7 46
7 38
7 58
7 25
7 58
7 47
7 54
7 71
7 99
7 32
7 52
7 15
7 81
7 24
7 83
7 52
7 45
7 84
7 56
7 44
7 5
7 32
7 85
7 98
7 1
7 54
7 72
7 3
7 16
7 24
7 42
7 5
7 24
7 32
7 62
7 78
7 5
7 45
7 68
7 10
7 8
7 41
7 9
7 5
7 85
7 7
7 26
7 16
7 25
7 47
7 91
7 17
7 59
7 11
7 98
7 84
7 3
7 77
7 9
7 63
7 84
7 59
7 78
7 24
7 49
7 46
7 100
7 92
7 17
7 42
7 98
7 57
7 69
7 58
7 13
7 31
7 40
7 7
7 34
7 19
7 32
7 25
7 47
7 2
7 93
7 37
7 23
7 36
7 79
7 16
7 62
7 58
7 65
7 92
7 5
7 93
7 93
7 41
7 15
21 1
21 78
21 61
21 65
21 16
21 94
21 90
21 73
21 93
21 1
21 74
21 11
21 87
21 35
21 65
21 2
21 26
21 16
21 59
21 56
21 80
21 62
21 23
21 15
21 33
21 52
21 64
21 67
21 29
21 68
21 79
21 81
21 94
21 40
21 41
21 1
21 91
21 37
21 67
21 68
21 27
21 61
21 64
21 17
21 40
21 83
21 38
21 10
21 29
21 80
21 6
21 46
21 20
21 36
21 70
21 35
21 21
21 65
21 4
21 37
21 81
21 9
21 75
21 56
21 81
21 86
21 75
21 10
21 34
21 38
21 44
21 12
21 68
21 28
21 61
21 90
21 97
21 68
21 58
21 86
21 63
21 88
21 34
21 7
21 29
21 20
21 58
21 63
21 93
21 25
21 78
21 70
21 53
21 82
21 57
21 90
21 5
21 76
21 17
21 70
86 31
86 54
86 2
86 77
86 75
86 64
86 75
86 79
86 31
86 95
86 74
86 41
86 83
86 25
86 69
86 8
86 88
86 6
86 72
86 74
86 61
86 97
86 46
86 49
86 14
86 11
86 8
86 44
86 42
86 58
86 21
86 69
86 23
86 99
86 91
86 37
86 29
86 92
86 4
86 11
86 18
86 65
86 16
86 43
86 78
86 34
86 21
86 17
86 21
86 94
86 80
86 81
86 70
86 10
86 86
86 37
86 35
86 70
86 86
86 42
86 10
86 18
86 44
86 8
86 85
86 17
86 55
86 12
86 53
86 8
86 80
86 73
86 55
86 85
86 66
86 8
86 60
86 43
86 57
86 82
86 26
86 51
86 83
86 25
86 31
86 77
86 28
86 20
86 85
86 1
86 53
86 2
86 58
86 68
86 42
86 11
86 57
86 90
86 72
86 33
1 28
1 24
1 86
1 25
1 53
1 84
1 43
1 4
1 42
1 81
1 49
1 4
1 54
1 4
1 59
1 87
1 91
1 13
1 4
1 96
1 45
1 30
1 18
1 17
1 89
1 55
1 90
1 69
1 7
1 26
1 51
1 24
1 97
1 44
1 28
1 83
1 20
1 14
1 89
1 98
1 56
1 69
1 7
1 4
1 64
1 73
1 72
1 14
1 9
1 3
1 35
1 24
1 32
1 20
1 59
1 17
1 86
1 96
1 97
1 70
1 64
1 12
1 68
1 24
1 80
1 14
1 63
1 52
1 8
1 7
1 14
1 41
1 48
1 56
1 9
1 83
1 94
1 99
1 24
1 14
1 18
1 95
1 74
1 55
1 77
1 100
1 54
1 36
1 71
1 96
1 44
1 84
1 65
1 26
1 15
1 93
1 53
1 31
1 46
1 22
45 19
45 28
45 6
45 99
45 2
45 26
45 81
45 50
45 70
45 40
45 54
45 90
45 48
45 26
45 94
45 89
45 68
45 58
45 60
45 83
45 50
45 17
45 51
45 71
45 18
45 55
45 48
45 51
45 50
45 94
45 71
45 13
45 42
45 89
45 61
45 18
45 37
45 78
45 80
45 3
45 45
45 85
45 91
45 86
45 16
45 16
45 56
45 98
45 82
45 6
45 4
45 32
45 24
45 58
45 12
45 83
45 27
45 65
45 44
45 46
45 26
45 32
45 20
45 49
45 39
45 75
45 9
45 43
45 69
45 68
45 53
45 78
45 80
45 49
45 96
45 1
45 92
45 63
45 11
45 40
45 29
45 90
45 79
45 72
45 22
45 66
45 39
45 32
45 88
45 43
45 89
45 91
45 92
45 28
45 80
45 26
45 88
45 76
45 61
45 84
62 89
62 2
62 38
62 34
62 4
62 25
62 2
62 91
62 27
62 73
62 64
62 84
62 1
62 16
62 26
62 82
62 2
62 44
62 42
62 26
62 36
62 86
62 49
62 2
62 12
62 54
62 18
62 48
62 18
62 24
62 97
62 40
62 39
62 88
62 69
62 60
62 32
62 96
62 55
62 71
62 70
62 66
62 54
62 22
62 57
62 20
62 59
62 75
62 50
62 50
62 48
62 52
62 20
62 83
62 15
62 24
62 6
62 9
62 63
62 84
62 71
62 36
62 17
62 98
62 85
62 48
62 1
62 8
62 4
62 100
62 48
62 4
62 93
62 90
62 96
62 23
62 73
62 64
62 7
62 1
62 45
62 53
62 32
62 62
62 46
62 57
62 95
62 53
62 38
62 86
62 44
62 91
62 25
62 32
62 45
62 75
62 28
62 31
62 50
62 88
96 89
96 30
96 64
96 33
96 59
96 40
96 96
96 57
96 87
96 94
96 8
96 32
96 57
96 33
96 10
96 88
96 66
96 16
96 53
96 78
96 71
96 12
96 50
96 29
96 46
96 5
96 6
96 74
96 54
96 30
96 90
96 67
96 51
96 58
96 8
96 45
96 50
96 33
96 12
96 72
96 22
96 83
96 2
96 61
96 24
96 29
96 39
96 81
96 90
96 96
96 75
96 80
96 70
96 50
96 56
96 43
96 81
96 95
96 32
96 98
96 33
96 4
96 28
96 94
96 48
96 28
96 81
96 99
96 7
96 69
96 77
96 1
96 53
96 28
96 32
96 54
96 96
96 86
96 65
96 96
96 56
96 60
96 40
96 18
96 44
96 41
96 88
96 12
96 78
96 24
96 60
96 9
96 77
96 63
96 97
96 61
96 34
96 93
96 67
96 86
48 86
48 35
48 69
48 85
48 73
48 44
48 43
48 13
48 14
48 18
48 42
48 100
48 59
48 100
48 47
48 35
48 58
48 34
48 26
48 75
48 76
48 36
48 55
48 6
48 8
48 74
48 30
48 29
48 97
48 27
48 48
48 46
48 53
48 74
48 65
48 99
48 26
48 74
48 17
48 26
48 27
48 40
48 3
48 6
48 97
48 99
48 90
48 4
48 89
48 42
48 98
48 83
48 12
48 92
48 52
48 76
48 90
48 16
48 80
48 63
48 97
48 20
48 36
48 94
48 30
48 56
48 27
48 16
48 90
48 22
48 50
48 100
48 100
48 79
48 85
48 60
48 85
48 52
48 70
48 87
48 93
48 95
48 92
48 12
48 88
48 58
48 29
48 78
48 2
48 23
48 18
48 38
48 62
48 2
48 59
48 76
48 37
48 17
48 34
48 21
48 77
48 51
48 56
48 12
48 65
48 60
48 53
48 92
48 26
48 45
48 69
48 99
48 5
48 61
48 76
48 92
48 6
48 14
48 55
48 79
48 80
48 91
48 47
48 38
48 58
48 51
48 32
48 68
48 97
48 5
48 4
48 68
48 84
48 39
48 39
48 40
48 15
48 61
48 90
48 100
48 16
48 47
48 26
48 49
48 23
48 87
48 90
48 65
48 78
48 62
48 76
48 50
48 20
48 66
48 96
48 45
48 85
48 5
48 93
48 6
48 11
48 56
48 13
48 48
48 82
48 3
48 29
48 77
48 88
48 51
48 27
48 84
48 25
48 88
48 39
48 2
48 49
48 58
48 3
48 20
48 47
48 57
48 86
48 25
48 70
48 41
48 80
48 23
48 63
48 22
48 31
48 45
48 43
48 67
48 80
48 28
48 3
48 9
48 87
48 61
43 47
43 83
43 88
43 17
43 17
43 66
43 38
43 32
43 87
43 58
43 82
43 20
43 3
43 100
43 9
43 95
43 77
43 31
43 82
43 84
43 28
43 70
43 34
43 84
43 56
43 73
43 27
43 38
43 23
43 93
43 43
43 97
43 19
43 94
43 52
43 4
43 4
43 24
43 74
43 57
43 76
43 46
43 8
43 90
43 80
43 73
43 70
43 82
43 62
43 71
43 12
43 95
43 99
43 21
43 34
43 65
43 85
43 37
43 25
43 85
43 93
43 100
43 96
43 67
43 56
43 29
43 51
43 26
43 9
43 76
43 66
43 98
43 61
43 55
43 13
43 1
43 52
43 71
43 64
43 47
43 33
43 6
43 52
43 32
43 80
43 1
43 61
43 71
43 54
43 70
43 37
43 91
43 11
43 23
43 67
43 69
43 1
43 88
43 9
43 76
9 60
9 90
9 99
9 15
9 87
9 67
9 25
9 1
9 30
9 52
9 53
9 2
9 87
9 13
9 39
9 4
9 81
9 80
9 77
9 32
9 66
9 1
9 99
9 28
9 32
9 81
9 34
9 71
9 75
9 100
9 23
9 91
9 94
9 16
9 59
9 6
9 79
9 6
9 78
9 26
9 13
9 44
9 28
9 95
9 90
9 4
9 14
9 75
9 17
9 28
9 95
9 47
9 6
9 39
9 50
9 49
9 6
9 58
9 8
9 96
9 72
9 61
9 23
9 88
9 59
9 7
9 85
9 61
9 87
9 77
9 93
9 64
9 64
9 27
9 99
9 80
9 30
9 35
9 73
9 91
9 81
9 74
9 1
9 69
9 85
9 18
9 26
9 46
9 8
9 85
9 6
9 63
9 78
9 23
9 45
9 14
9 2
9 68
9 85
9 8
53 14
53 15
53 68
53 79
53 61
53 27
53 20
53 56
53 5
53 67
53 31
53 85
53 98
53 87
53 40
53 68
53 73
53 94
53 51
53 40
53 27
53 26
53 31
53 61
53 47
53 92
53 40
53 35
53 50
53 24
53 56
53 11
53 26
53 8
53 94
53 82
53 19
53 25
53 82
53 6
53 29
53 86
53 56
53 56
53 74
53 39
53 19
53 90
53 66
53 98
53 54
53 97
53 93
53 97
53 60
53 3
53 20
53 57
53 7
53 46
53 90
53 24
53 65
53 46
53 62
53 82
53 73
53 80
53 48
53 44
53 38
53 12
53 34
53 61
53 79
53 48
53 4
53 67
53 96
53 40
53 77
53 30
53 83
53 42
53 87
53 79
53 36
53 86
53 89
53 69
53 26
53 50
53 2
53 66
53 30
53 24
53 32
53 83
53 94
53 62
31 28
31 18
31 39
31 13
31 94
31 49
31 79
31 83
31 29
31 29
31 71
31 91
31 11
31 21
31 8
31 15
31 52
31 43
31 38
31 60
31 1
31 25
31 60
31 92
31 41
31 36
31 82
31 90
31 37
31 73
31 19
31 21
31 52
31 27
31 79
31 75
31 22
31 71
31 60
31 71
31 23
31 58
31 19
31 100
31 11
31 8
31 55
31 69
31 31
31 17
31 59
31 1
31 38
31 40
31 32
31 84
31 73
31 4
31 72
31 65
31 22
31 43
31 88
31 82
31 36
31 80
31 22
31 31
31 91
31 55
31 54
31 7
31 37
31 69
31 46
31 7
31 68
31 6
31 40
31 28
31 50
31 97
31 28
31 1
31 93
31 23
31 14
31 49
31 45
31 89
31 85
31 29
31 83
31 51
31 4
31 79
31 23
31 53
31 2
31 67
18 18
18 8
18 2
18 29
18 100
18 30
18 15
18 63
18 19
18 33
18 99
18 78
18 3
18 18
18 35
18 70
18 4
18 29
18 13
18 38
18 53
18 65
18 71
18 1
18 71
18 65
18 93
18 81
18 82
18 55
18 89
18 17
18 84
18 100
18 71
18 33
18 39
18 20
18 3
18 20
18 51
18 30
18 59
18 46
18 50
18 14
18 49
18 69
18 85
18 39
18 70
18 51
18 20
18 37
18 80
18 38
18 26
18 99
18 3
18 8
18 41
18 59
18 14
18 33
18 18
18 24
18 89
18 34
18 59
18 46
18 84
18 81
18 84
18 50
18 3
18 95
18 90
18 13
18 51
18 50
18 47
18 21
18 90
18 74
18 16
18 48
18 99
18 75
18 80
18 86
18 54
18 58
18 90
18 66
18 17
18 92
18 91
18 48
18 97
18 99
11 27
11 10
11 62
11 13
11 31
11 56
11 80
11 6
11 35
11 68
11 19
11 34
11 86
11 15
11 68
11 11
11 88
11 55
11 94
11 43
11 81
11 37
11 4
11 45
11 84
11 99
11 85
11 22
11 51
11 89
11 67
11 88
11 58
11 49
11 60
11 56
11 21
11 66
11 4
11 61
11 41
11 98
11 44
11 61
11 93
11 90
11 29
11 49
11 79
11 34
11 72
11 90
11 75
11 56
11 84
11 27
11 34
11 9
11 22
11 47
11 70
11 65
11 23
11 84
11 20
11 68
11 45
11 86
11 10
11 47
11 5
11 72
11 53
11 68
11 61
11 47
11 82
11 86
11 33
11 26
11 2
11 86
11 87
11 65
11 19
11 81
11 52
11 13
11 71
11 10
11 15
11 74
11 12
11 16
11 9
11 28
11 68
11 32
11 56
11 60
25 33
25 29
25 18
25 6
25 25
25 53
25 97
25 58
25 77
25 88
25 35
25 42
25 24
25 70
25 58
25 2
25 53
25 4
25 68
25 42
25 45
25 25
25 69
25 16
25 37
25 83
25 75
25 100
25 16
25 86
25 68
25 59
25 16
25 9
25 87
25 22
25 46
25 48
25 11
25 44
25 27
25 50
25 84
25 42
25 53
25 29
25 92
25 40
25 100
25 58
25 77
25 32
25 68
25 40
25 91
25 4
25 84
25 84
25 78
25 41
25 65
25 57
25 64
25 8
25 64
25 98
25 93
25 7
25 55
25 13
25 13
25 9
25 51
25 85
25 80
25 25
25 23
25 88
25 90
25 64
25 30
25 74
25 58
25 67
25 36
25 51
25 36
25 87
25 94
25 4
25 36
25 87
25 21
25 97
25 47
25 16
25 91
25 33
25 39
25 60
80 21
80 13
80 70
80 58
80 11
80 30
80 90
80 24
80 34
80 43
80 97
80 97
80 37
80 72
80 58
80 79
80 41
80 75
80 89
80 37
80 24
80 96
80 61
80 48
80 10
80 19
80 67
80 74
80 21
80 41
80 24
80 88
80 17
80 3
80 42
80 74
80 65
80 35
80 56
80 89
80 85
80 20
80 81
80 47
80 90
80 35
80 70
80 55
80 22
80 31
80 16
80 15
80 42
80 55
80 32
80 65
80 3
80 90
80 92
80 94
80 73
80 47
80 86
80 74
80 6
80 28
80 70
80 51
80 14
80 14
80 46
80 77
80 74
80 8
80 25
80 84
80 52
80 41
80 44
80 69
80 94
80 53
80 13
80 45
80 56
80 94
80 84
80 52
80 94
80 94
80 93
80 5
80 35
80 17
80 43
80 74
80 2
80 87
80 28
80 23
17 2
17 14
17 22
17 20
17 99
17 79
17 44
17 36
17 11
17 42
17 23
17 82
17 6
17 69
17 64
17 38
17 31
17 12
17 41
17 74
17 54
17 94
17 52
17 55
17 82
17 66
17 39
17 93
17 22
17 67
17 16
17 84
17 4
17 74
17 78
17 11
17 84
17 28
17 38
17 21
17 19
17 22
17 97
17 27
17 25
17 58
17 78
17 73
17 34
17 24
17 2
17 67
17 59
17 98
17 91
17 84
17 28
17 25
17 8
17 67
17 67
17 48
17 52
17 73
17 20
17 19
17 88
17 58
17 91
17 84
17 31
17 62
17 6
17 8
17 23
17 24
17 47
17 19
17 47
17 44
17 9
17 52
17 60
17 37
17 73
17 97
17 84
17 24
17 84
17 10
17 16
17 56
17 96
17 100
17 75
17 21
17 74
17 70
17 88
17 52
9 61
9 32
9 5
9 97
9 54
9 16
9 68
9 37
9 87
9 77
9 61
9 68
9 81
9 39
9 39
9 32
9 4
9 92
9 95
9 75
9 72
9 73
9 87
9 24
9 80
9 28
9 44
9 91
9 19
9 30
9 71
9 59
9 34
9 74
9 71
9 55
9 33
9 56
9 90
9 36
9 52
9 22
9 47
9 10
9 90
9 100
9 2
9 51
9 56
9 31
9 40
9 99
9 98
9 69
9 24
9 15
9 25
9 63
9 84
9 11
9 68
9 17
9 48
9 91
9 82
9 93
9 36
9 17
9 70
9 37
9 47
9 67
9 17
9 25
9 55
9 56
9 81
9 38
9 60
9 76
9 97
9 61
9 48
9 51
9 63
9 21
9 75
9 9
9 82
9 99
9 69
9 60
9 37
9 5
9 50
9 91
9 48
9 69
9 85
9 7
53 42
53 23
53 95
53 25
53 17
53 33
53 38
53 93
53 37
53 100
53 82
53 55
53 34
53 72
53 47
53 54
53 98
53 63
53 14
53 69
53 69
53 42
53 36
53 49
53 70
53 36
53 93
53 94
53 57
53 86
53 87
53 70
53 20
53 73
53 76
53 73
53 38
53 40
53 97
53 90
53 85
53 4
53 33
53 43
53 72
53 88
53 23
53 81
53 71
53 52
53 78
53 53
53 45
53 17
53 97
53 91
53 26
53 74
53 24
53 42
53 78
53 25
53 18
53 38
53 59
53 30
53 89
53 79
53 62
53 8
53 22
53 26
53 7
53 2
53 35
53 38
53 75
53 39
53 70
53 71
53 52
53 97
53 48
53 85
53 66
53 28
53 14
53 9
53 44
53 28
53 60
53 56
53 9
53 3
53 27
53 20
53 90
53 36
53 91
53 81
72 9
72 81
72 9
72 9
72 58
72 90
72 21
72 46
72 9
72 43
72 56
72 14
72 67
72 83
72 64
72 31
72 18
72 94
72 75
72 29
72 5
72 59
72 26
72 26
72 20
72 45
72 39
72 74
72 82
72 44
72 97
72 78
72 16
72 53
72 71
72 39
72 97
72 60
72 86
72 89
72 61
72 82
72 61
72 88
72 27
72 11
72 99
72 69
72 61
72 45
72 29
72 77
72 64
72 99
72 22
72 78
72 31
72 89
72 95
72 8
72 44
72 78
72 52
72 13
72 20
72 23
72 49
72 21
72 46
72 22
72 13
72 24
72 36
72 83
72 43
72 78
72 65
72 63
72 57
72 60
72 36
72 93
72 41
72 16
72 70
72 12
72 36
72 92
72 72
72 83
72 7
72 47
72 1
72 85
72 91
72 56
72 91
72 38
72 1
72 42
94 99
94 11
94 38
94 16
94 25
94 39
94 93
94 67
94 72
94 14
94 18
94 54
94 53
94 46
94 42
94 9
94 5
94 48
94 4
94 37
94 97
94 29
94 14
94 30
94 96
94 57
94 2
94 23
94 32
94 20
94 34
94 87
94 14
94 78
94 10
94 25
94 68
94 73
94 46
94 22
94 76
94 73
94 33
94 98
94 30
94 50
94 72
94 94
94 41
94 93
94 36
94 3
94 10
94 39
94 90
94 35
94 62
94 42
94 53
94 20
94 76
94 97
94 29
94 81
94 40
94 6
94 85
94 36
94 64
94 3
94 62
94 55
94 62
94 78
94 47
94 51
94 95
94 57
94 26
94 1
94 35
94 92
94 49
94 48
94 75
94 41
94 22
94 2
94 35
94 40
94 31
94 44
94 88
94 56
94 65
94 30
94 35
94 35
94 78
94 11
79 81
79 4
79 91
79 59
79 85
79 18
79 94
79 18
79 81
79 60
79 87
79 98
79 43
79 65
79 6
79 49
79 52
79 58
79 67
79 37
79 84
79 78
79 75
79 68
79 47
79 88
79 25
79 4
79 94
79 5
79 6
79 97
79 71
79 28
79 6
79 55
79 71
79 33
79 81
79 14
79 83
79 85
79 53
79 49
79 11
79 98
79 14
79 5
79 63
79 27
79 5
79 57
79 30
79 74
79 40
79 59
79 29
79 60
79 18
79 8
79 63
79 66
79 36
79 53
79 82
79 38
79 80
79 49
79 99
79 31
79 29
79 91
79 25
79 93
79 28
79 91
79 38
79 1
79 55
79 2
79 89
79 22
79 94
79 62
79 84
79 98
79 63
79 7
79 48
79 80
79 47
79 82
79 3
79 49
79 78
79 18
79 17
79 56
79 92
79 39
46 71
46 14
46 59
46 36
46 46
46 27
46 21
46 17
46 96
46 14
46 56
46 69
46 16
46 82
46 12
46 88
46 95
46 59
46 3
46 12
46 31
46 13
46 4
46 60
46 83
46 38
46 39
46 100
46 18
46 26
46 56
46 41
46 60
46 47
46 26
46 72
46 12
46 88
46 21
46 83
46 9
46 66
46 44
46 54
46 48
46 70
46 12
46 40
46 85
46 75
46 44
46 79
46 69
46 74
46 39
46 25
46 99
46 59
46 94
46 90
46 54
46 33
46 57
46 48
46 55
46 63
46 17
46 51
46 48
46 28
46 31
46 60
46 91
46 14
46 77
46 91
46 44
46 78
46 17
46 19
46 32
46 100
46 93
46 15
46 53
46 85
46 100
46 79
46 55
46 79
46 63
46 81
46 65
46 44
46 50
46 51
46 35
46 77
46 48
46 33
52 81
52 88
52 5
52 65
52 38
52 17
52 46
52 62
52 25
52 98
52 55
52 53
52 92
52 37
52 12
52 93
52 58
52 87
52 67
52 23
52 39
52 25
52 55
52 71
52 41
52 77
52 36
52 96
52 77
52 23
52 20
52 57
52 56
52 67
52 49
52 13
52 5
52 17
52 19
52 13
52 53
52 18
52 97
52 54
52 70
52 56
52 71
52 91
52 49
52 85
52 64
52 42
52 27
52 51
52 63
52 44
52 29
52 25
52 14
52 9
52 30
52 40
52 33
52 9
52 45
52 61
52 51
52 99
52 16
52 67
52 8
52 6
52 18
52 74
52 47
52 60
52 41
52 96
52 49
52 42
52 85
52 49
52 51
52 42
52 70
52 73
52 86
52 28
52 49
52 15
52 29
52 86
52 60
52 3
52 50
52 38
52 17
52 31
52 86
52 2
3 22
3 81
3 39
3 25
3 91
3 40
3 19
3 50
3 66
3 49
3 89
3 86
3 86
3 29
3 4
3 25
3 23
3 65
3 37
3 56
3 60
3 18
3 32
3 48
3 65
3 63
3 14
3 85
3 21
3 51
3 84
3 22
3 43
3 48
3 68
3 34
3 86
3 67
3 68
3 56
3 91
3 31
3 55
3 53
3 85
3 89
3 28
3 21
3 50
3 39
3 24
3 55
3 42
3 66
3 25
3 65
3 36
3 34
3 80
3 64
3 81
3 66
3 41
3 98
3 65
3 13
3 44
3 29
3 60
3 38
3 69
3 99
3 4
3 41
3 37
3 100
3 56
3 88
3 10
3 32
3 15
3 66
3 51
3 29
3 29
3 46
3 73
3 66
3 12
3 12
3 3
3 43
3 44
3 15
3 48
3 29
3 46
3 31
3 72
3 84
16 19
16 38
16 84
16 94
16 54
16 35
16 53
16 96
16 13
16 1
16 57
16 14
16 13
16 66
16 78
16 39
16 12
16 73
16 83
16 58
16 96
16 63
16 60
16 6
16 74
16 11
16 94
16 91
16 27
16 37
16 88
16 4
16 45
16 61
16 29
16 31
16 31
16 20
16 57
16 37
16 45
16 73
16 58
16 38
16 25
16 88
16 64
16 15
16 73
16 29
16 63
16 63
16 86
16 86
16 94
16 99
16 59
16 27
16 81
16 10
16 87
16 25
16 1
16 32
16 53
16 56
16 93
16 2
16 58
16 87
16 83
16 68
16 33
16 54
16 11
16 53
16 13
16 59
16 15
16 97
16 81
16 45
16 88
16 91
16 43
16 75
16 94
16 47
16 47
16 76
16 70
16 70
16 80
16 42
16 86
16 85
16 97
16 18
16 52
16 77
81 10
81 75
81 29
81 95
81 16
81 19
81 32
81 2
81 79
81 41
81 93
81 58
81 47
81 50
81 29
81 98
81 83
81 51
81 53
81 13
81 79
81 67
81 73
81 29
81 97
81 40
81 77
81 74
81 97
81 81
81 77
81 27
81 37
81 1
81 35
81 98
81 4
81 63
81 6
81 53
81 4
81 38
81 53
81 22
81 35
81 95
81 67
81 60
81 81
81 58
81 51
81 22
81 63
81 89
81 66
81 82
81 82
81 39
81 52
81 37
81 43
81 51
81 65
81 25
81 65
81 97
81 50
81 51
81 81
81 13
81 98
81 30
81 56
81 53
81 75
81 26
81 26
81 46
81 41
81 59
81 46
81 68
81 88
81 10
81 24
81 24
81 31
81 94
81 58
81 81
81 93
81 79
81 77
81 26
81 91
81 63
81 2
81 94
81 53
81 88
72 100
72 37
72 55
72 76
72 52
72 30
72 83
72 35
72 20
72 63
72 44
72 70
72 22
72 31
72 44
72 85
72 61
72 11
72 12
72 43
72 46
72 39
72 19
72 52
72 51
72 65
72 93
72 10
72 99
72 69
72 70
72 2
72 50
72 86
72 34
72 8
72 85
72 29
72 81
72 80
72 4
72 17
72 40
72 13
72 88
72 29
72 46
72 65
72 48
72 21
72 24
72 26
72 33
72 43
72 11
72 19
72 95
72 56
72 78
72 69
72 47
72 89
72 46
72 45
72 75
72 42
72 30
72 63
72 44
72 47
72 59
72 85
72 2
72 73
72 19
72 85
72 82
72 11
72 75
72 15
72 93
72 63
72 15
72 17
72 68
72 62
72 36
72 21
72 61
72 54
72 74
72 53
72 12
72 15
72 11
72 62
72 53
72 5
72 96
72 6
46 4
46 55
46 23
46 45
46 28
46 33
46 81
46 39
46 10
46 47
46 31
46 69
46 25
46 94
46 3
46 87
46 57
46 41
46 37
46 90
46 75
46 81
46 40
46 37
46 26
46 100
46 15
46 2
46 35
46 1
46 79
46 69
46 46
46 52
46 4
46 91
46 45
46 96
46 76
46 56
46 97
46 65
46 87
46 18
46 14
46 34
46 100
46 31
46 82
46 60
46 47
46 48
46 90
46 6
46 11
46 59
46 37
46 82
46 51
46 12
46 65
46 3
46 1
46 4
46 91
46 61
46 58
46 15
46 72
46 72
46 42
46 27
46 7
46 16
46 54
46 27
46 81
46 67
46 24
46 53
46 52
46 91
46 60
46 36
46 96
46 41
46 63
46 3
46 88
46 24
46 58
46 19
46 6
46 58
46 30
46 75
46 74
46 89
46 44
46 99
4 20
4 15
4 23
4 70
4 100
4 65
4 17
4 37
4 61
4 17
4 62
4 43
4 26
4 73
4 16
4 10
4 46
4 43
4 75
4 76
4 6
4 81
4 90
4 34
4 13
4 51
4 32
4 90
4 71
4 58
4 22
4 90
4 35
4 70
4 46
4 24
4 95
4 80
4 83
4 4
4 69
4 62
4 97
4 100
4 40
4 15
4 31
4 24
4 94
4 64
4 13
4 88
4 29
4 33
4 3
4 83
4 35
4 93
4 12
4 8
4 13
4 20
4 63
4 28
4 33
4 56
4 30
4 28
4 65
4 72
4 2
4 56
4 41
4 9
4 97
4 35
4 22
4 89
4 6
4 81
4 32
4 45
4 37
4 100
4 43
4 6
4 41
4 18
4 48
4 13
4 98
4 54
4 65
4 31
4 11
4 73
4 47
4 95
4 42
4 42
71 91
71 58
71 7
71 85
71 49
71 45
71 32
71 68
71 49
71 91
71 97
71 66
71 16
71 62
71 86
71 83
71 2
71 24
71 36
71 67
71 60
71 99
71 10
71 86
71 66
71 27
71 83
71 34
71 46
71 13
71 32
71 50
71 6
71 21
71 47
71 76
71 4
71 8
71 3
71 58
71 90
71 27
71 93
71 44
71 9
71 70
71 86
71 66
71 95
71 85
71 90
71 65
71 37
71 100
71 23
71 84
71 40
71 53
71 37
71 48
71 10
71 80
71 8
71 66
71 21
71 92
71 43
71 5
71 13
71 69
71 4
71 18
71 88
71 99
71 66
71 88
71 30
71 33
71 56
71 77
71 81
71 43
71 22
71 18
71 35
71 44
71 87
71 7
71 21
71 11
71 28
71 53
71 44
71 98
71 5
71 16
71 23
71 80
71 42
71 33
52 24
52 6
52 60
52 60
52 3
52 85
52 47
52 70
52 3
52 86
52 31
52 82
52 92
52 94
52 60
52 24
52 50
52 25
52 72
52 23
52 70
52 59
52 53
52 98
52 26
52 26
52 38
52 93
52 58
52 86
52 31
52 92
52 83
52 39
52 42
52 23
52 62
52 8
52 1
52 18
52 79
52 54
52 15
52 30
52 68
52 15
52 66
52 33
52 88
52 29
52 44
52 60
52 53
52 34
52 29
52 62
52 87
52 62
52 85
52 14
52 85
52 8
52 69
52 98
52 67
52 94
52 64
52 17
52 22
52 49
52 59
52 79
52 41
52 10
52 16
52 94
52 11
52 67
52 35
52 89
52 13
52 84
52 23
52 53
52 61
52 7
52 52
52 26
52 36
52 66
52 44
52 90
52 49
52 37
52 74
52 31
52 92
52 18
52 59
52 63
74 76
74 81
74 48
74 49
74 65
74 18
74 77
74 39
74 81
74 80
74 89
74 9
74 98
74 36
74 12
74 81
74 32
74 12
74 18
74 19
74 61
74 53
74 72
74 7
74 90
74 25
74 83
74 77
74 92
74 72
74 42
74 12
74 3
74 75
74 73
74 59
74 2
74 60
74 53
74 92
74 75
74 39
74 83
74 82
74 51
74 4
74 16
74 85
74 61
74 76
74 48
74 24
74 70
74 66
74 72
74 77
74 31
74 12
74 92
74 22
74 22
74 71
74 73
74 61
74 96
74 47
74 49
74 65
74 66
74 3
74 17
74 46
74 1
74 38
74 39
74 71
74 81
74 2
74 71
74 43
74 1
74 94
74 18
74 22
74 42
74 89
74 78
74 79
74 93
74 85
74 30
74 78
74 73
74 53
74 24
74 18
74 75
74 60
74 34
74 5
84 13
84 92
84 31
84 14
84 74
84 91
84 45
84 42
84 71
84 69
84 92
84 59
84 23
84 25
84 65
84 77
84 79
84 100
84 100
84 86
84 26
84 65
84 48
84 55
84 21
84 42
84 84
84 21
84 2
84 30
84 23
84 54
84 66
84 36
84 30
84 14
84 2
84 81
84 24
84 36
84 46
84 86
84 87
84 13
84 23
84 79
84 36
84 96
84 94
84 81
84 65
84 10
84 16
84 43
84 58
84 55
84 42
84 36
84 99
84 71
84 63
84 27
84 19
84 56
84 12
84 61
84 81
84 69
84 84
84 8
84 21
84 61
84 31
84 78
84 10
84 1
84 11
84 49
84 92
84 68
84 63
84 45
84 82
84 47
84 52
84 74
84 75
84 2
84 45
84 54
84 38
84 100
84 100
84 69
84 98
84 34
84 52
84 17
84 43
84 88
3 75
3 46
3 45
3 54
3 39
3 45
3 30
3 33
3 55
3 42
3 72
3 48
3 40
3 34
3 38
3 17
3 18
3 60
3 19
3 36
3 19
3 94
3 43
3 86
3 72
3 64
3 41
3 36
3 21
3 84
3 35
3 12
3 7
3 89
3 15
3 46
3 20
3 57
3 92
3 94
3 10
3 85
3 95
3 56
3 65
3 46
3 91
3 50
3 54
3 92
3 60
3 62
3 20
3 91
3 54
3 67
3 100
3 11
3 90
3 71
3 78
3 22
3 34
3 75
3 90
3 88
3 7
3 32
3 94
3 56
3 38
3 27
3 5
3 6
3 64
3 51
3 86
3 3
3 24
3 4
3 31
3 51
3 72
3 43
3 88
3 84
3 45
3 82
3 49
3 11
3 2
3 60
3 56
3 87
3 17
3 35
3 38
3 10
3 95
3 81
30 16
30 42
30 73
30 94
30 65
30 51
30 21
30 6
30 62
30 38
30 35
30 12
30 93
30 23
30 48
30 26
30 26
30 34
30 79
30 77
30 26
30 19
30 30
30 84
30 65
30 65
30 28
30 78
30 44
30 21
30 65
30 12
30 84
30 74
30 84
30 93
30 60
30 69
30 99
30 96
30 72
30 31
30 71
30 23
30 49
30 15
30 59
30 79
30 64
30 28
30 62
30 30
30 45
30 50
30 90
30 62
30 23
30 26
30 43
30 80
30 33
30 37
30 98
30 83
30 44
30 26
30 16
30 94
30 26
30 86
30 93
30 39
30 28
30 94
30 66
30 75
30 26
30 56
30 84
30 75
30 80
30 74
30 13
30 60
30 78
30 87
30 37
30 57
30 14
30 43
30 38
30 11
30 83
30 94
30 36
30 1
30 89
30 20
30 61
30 52
54 92
54 38
54 93
54 20
54 3
54 7
54 75
54 96
54 80
54 13
54 62
54 9
54 54
54 2
54 15
54 58
54 16
54 69
54 95
54 16
54 37
54 37
54 28
54 76
54 3
54 56
54 89
54 94
54 45
54 35
54 31
54 23
54 86
54 63
54 32
54 45
54 76
54 30
54 34
54 2
54 28
54 68
54 12
54 46
54 1
54 45
54 74
54 74
54 70
54 57
54 24
54 44
54 50
54 76
54 1
54 66
54 47
54 47
54 93
54 8
54 79
54 89
54 77
54 94
54 86
54 15
54 48
54 47
54 70
54 79
54 85
54 92
54 75
54 37
54 9
54 50
54 79
54 67
54 84
54 43
54 10
54 61
54 62
54 85
54 14
54 21
54 51
54 33
54 57
54 84
54 57
54 78
54 31
54 33
54 74
54 93
54 60
54 12
54 41
54 59
85 25
85 95
85 6
85 4
85 100
85 34
85 53
85 85
85 94
85 13
85 29
85 50
85 94
85 34
85 66
85 70
85 74
85 60
85 91
85 22
85 1
85 45
85 34
85 82
85 47
85 77
85 2
85 92
85 94
85 13
85 84
85 78
85 71
85 32
85 44
85 29
85 20
85 83
85 98
85 44
85 100
85 31
85 18
85 95
85 80
85 28
85 33
85 92
85 88
85 84
85 37
85 8
85 87
85 55
85 99
85 85
85 33
85 61
85 18
85 57
85 83
85 9
85 13
85 15
85 83
85 26
85 65
85 69
85 35
85 7
85 80
85 18
85 11
85 39
85 29
85 65
85 23
85 76
85 53
85 15
85 11
85 71
85 98
85 65
85 23
85 72
85 74
85 99
85 3
85 65
85 47
85 26
85 17
85 5
85 19
85 23
85 20
85 33
85 50
85 14
11 71
11 45
11 22
11 83
11 47
11 50
11 73
11 17
11 14
11 38
11 82
11 10
11 2
11 93
11 91
11 15
11 16
11 83
11 8
11 96
11 97
11 22
11 92
11 39
11 35
11 83
11 9
11 5
11 55
11 54
11 72
11 94
11 85
11 82
11 31
11 56
11 94
11 11
11 48
11 96
11 29
11 72
11 97
11 33
11 33
11 98
11 8
11 20
11 88
11 14
11 46
11 50
11 11
11 82
11 82
11 66
11 99
11 25
11 55
11 67
11 8
11 74
11 92
11 74
11 43
11 90
11 63
11 61
11 58
11 45
11 78
11 71
11 23
11 98
11 71
11 63
11 91
11 45
11 96
11 27
11 87
11 34
11 62
11 34
11 59
11 94
11 45
11 30
11 7
11 55
11 59
11 31
11 29
11 66
11 62
11 37
11 55
11 34
11 34
11 1
92 85
92 45
92 56
92 59
92 32
92 84
92 78
92 39
92 94
92 86
92 92
92 19
92 63
92 24
92 52
92 52
92 65
92 56
92 92
92 6
92 75
92 27
92 79
92 72
92 92
92 13
92 38
92 23
92 30
92 93
92 54
92 50
92 76
92 19
92 66
92 73
92 30
92 34
92 6
92 24
92 83
92 3
92 41
92 72
92 65
92 40
92 82
92 45
92 5
92 65
92 36
92 13
92 84
92 59
92 28
92 49
92 98
92 69
92 49
92 60
92 15
92 9
92 87
92 26
92 71
92 72
92 34
92 66
92 77
92 31
92 31
92 19
92 42
92 91
92 27
92 44
92 64
92 46
92 90
92 65
92 98
92 21
92 95
92 13
92 97
92 92
92 57
92 61
92 17
92 40
92 49
92 28
92 65
92 39
92 71
92 5
92 44
92 68
92 81
92 43
14 11
14 63
14 29
14 65
14 24
14 75
14 29
14 80
14 52
14 43
14 58
14 95
14 59
14 73
14 77
14 58
14 74
14 94
14 52
14 72
14 90
14 95
14 23
14 81
14 12
14 53
14 4
14 83
14 84
14 70
14 86
14 16
14 91
14 99
14 81
14 49
14 41
14 68
14 25
14 5
14 98
14 7
14 11
14 59
14 30
14 35
14 95
14 91
14 64
14 100
14 34
14 99
14 28
14 45
14 86
14 56
14 72
14 34
14 87
14 65
14 24
14 86
14 85
14 62
14 14
14 78
14 47
14 13
14 89
14 80
14 54
14 84
14 50
14 71
14 60
14 4
14 31
14 98
14 5
14 85
14 59
14 60
14 19
14 43
14 57
14 38
14 5
14 47
14 76
14 60
14 83
14 8
14 46
14 48
14 55
14 84
14 52
14 84
14 43
14 33
40 28
40 86
40 90
40 37
40 68
40 82
40 33
40 15
40 43
40 74
40 36
40 75
40 100
40 35
40 76
40 86
40 25
40 63
40 33
40 62
40 82
40 65
40 63
40 87
40 79
40 72
40 65
40 90
40 28
40 83
40 87
40 99
40 64
40 10
40 46
40 39
40 71
40 75
40 15
40 19
40 56
40 45
40 37
40 84
40 54
40 65
40 73
40 65
40 40
40 32
40 97
40 88
40 49
40 70
40 66
40 99
40 57
40 43
40 89
40 37
40 11
40 39
40 15
40 91
40 1
40 37
40 12
40 98
40 12
40 86
40 42
40 72
40 52
40 69
40 16
40 6
40 5
40 56
40 37
40 46
40 74
40 10
40 36
40 28
40 19
40 98
40 70
40 59
40 24
40 36
40 42
40 37
40 79
40 21
40 55
40 35
40 51
40 11
40 86
40 5
57 74
57 43
57 77
57 60
57 13
57 3
57 18
57 64
57 97
57 49
57 89
57 25
57 43
57 55
57 25
57 45
57 85
57 54
57 86
57 35
57 56
57 100
57 53
57 52
57 48
57 49
57 61
57 34
57 35
57 36
57 2
57 13
57 93
57 9
57 15
57 56
57 46
57 72
57 12
57 2
57 83
57 26
57 19
57 39
57 58
57 5
57 41
57 32
57 6
57 55
57 86
57 13
57 42
57 90
57 65
57 45
57 12
57 97
57 15
57 1
57 87
57 84
57 44
57 28
57 61
57 76
57 15
57 32
57 36
57 63
57 10
57 85
57 15
57 71
57 27
57 40
57 25
57 67
57 59
57 34
57 34
57 95
57 93
57 1
57 69
57 4
57 66
57 13
57 94
57 57
57 50
57 46
57 45
57 18
57 57
57 19
57 4
57 35
57 43
57 29
19 98
19 10
19 11
19 44
19 86
19 54
19 66
19 11
19 84
19 39
19 18
19 88
19 14
19 90
19 75
19 70
19 51
19 8
19 44
19 15
19 3
19 22
19 26
19 69
19 29
19 62
19 11
19 33
19 57
19 13
19 89
19 41
19 19
19 49
19 29
19 38
19 89
19 84
19 86
19 33
19 61
19 23
19 24
19 66
19 34
19 44
19 1
19 85
19 16
19 82
19 18
19 88
19 80
19 1
19 30
19 40
19 95
19 38
19 72
19 78
19 9
19 59
19 48
19 81
19 92
19 77
19 27
19 51
19 79
19 81
19 1
19 28
19 18
19 61
19 26
19 42
19 78
19 52
19 50
19 61
19 39
19 71
19 99
19 59
19 51
19 5
19 28
19 43
19 47
19 97
19 29
19 58
19 72
19 63
19 77
19 56
19 52
19 21
19 50
19 100
23 90
23 86
23 46
23 52
23 30
23 96
23 4
23 95
23 72
23 6
23 80
23 7
23 46
23 59
23 71
23 52
23 76
23 53
23 72
23 51
23 60
23 99
23 89
23 67
23 5
23 92
23 19
23 30
23 44
23 47
23 21
23 40
23 74
23 16
23 90
23 77
23 13
23 91
23 10
23 45
23 71
23 29
23 13
23 59
23 73
23 50
23 24
23 40
23 59
23 98
23 6
23 94
23 83
23 36
23 51
23 24
23 20
23 86
23 87
23 79
23 88
23 62
23 58
23 46
23 17
23 92
23 75
23 79
23 92
23 8
23 80
23 82
23 40
23 65
23 82
23 87
23 46
23 50
23 94
23 42
23 54
23 68
23 26
23 44
23 87
23 12
23 99
23 80
23 61
23 2
23 41
23 88
23 65
23 98
23 94
23 7
23 55
23 27
23 58
23 68
12 42
12 43
12 21
12 34
12 78
12 35
12 7
12 78
12 59
12 39
12 19
12 48
12 59
12 10
12 91
12 10
12 47
12 80
12 44
12 83
12 3
12 75
12 40
12 3
12 91
12 32
12 48
12 70
12 95
12 48
12 98
12 37
12 62
12 90
12 88
12 14
12 41
12 38
12 25
12 17
12 11
12 69
12 12
12 79
12 16
12 84
12 21
12 95
12 38
12 4
12 4
12 96
12 94
12 28
12 79
12 50
12 82
12 81
12 61
12 26
12 42
12 79
12 29
12 3
12 53
12 11
12 58
12 48
12 97
12 62
12 71
12 16
12 1
12 5
12 28
12 44
12 55
12 60
12 19
12 98
12 17
12 25
12 70
12 92
12 28
12 4
12 84
12 91
12 81
12 14
12 62
12 7
12 77
12 51
12 76
12 48
12 15
12 34
12 21
12 74
60 16
60 6
60 11
60 56
60 65
60 77
60 62
60 76
60 70
60 9
60 31
60 89
60 62
60 6
60 30
60 54
60 51
60 43
60 10
60 48
60 53
60 1
60 53
60 91
60 62
60 96
60 2
60 77
60 3
60 73
60 38
60 67
60 58
60 41
60 47
60 94
60 17
60 95
60 70
60 83
60 63
60 7
60 60
60 28
60 8
60 62
60 77
60 69
60 67
60 94
60 63
60 49
60 21
60 71
60 62
60 96
60 87
60 45
60 6
60 17
60 50
60 53
60 93
60 1
60 71
60 73
60 58
60 8
60 86
60 62
60 85
60 34
60 68
60 9
60 64
60 90
60 95
60 27
60 62
60 57
60 10
60 32
60 83
60 47
60 19
60 80
60 43
60 82
60 68
60 77
60 74
60 88
60 34
60 50
60 11
60 10
60 76
60 42
60 85
60 81
75 56
75 6
75 45
75 48
75 61
75 99
75 40
75 65
75 90
75 43
75 98
75 5
75 73
75 77
75 63
75 32
75 97
75 72
75 14
75 96
75 46
75 100
75 89
75 57
75 39
75 24
75 49
75 97
75 28
75 88
75 97
75 66
75 52
75 42
75 71
75 68
75 29
75 37
75 86
75 35
75 95
75 87
75 41
75 98
75 29
75 38
75 69
75 50
75 41
75 94
75 12
75 95
75 18
75 85
75 70
75 79
75 6
75 49
75 36
75 41
75 39
75 28
75 78
75 46
75 77
75 14
75 2
75 55
75 30
75 53
75 22
75 7
75 79
75 39
75 37
75 47
75 93
75 91
75 94
75 71
75 78
75 15
75 52
75 40
75 33
75 68
75 39
75 10
75 30
75 72
75 10
75 96
75 48
75 73
75 59
75 60
75 9
75 24
75 46
75 84
98 31
98 1
98 79
98 12
98 77
98 64
98 40
98 65
98 26
98 68
98 95
98 97
98 67
98 85
98 90
98 63
98 69
98 36
98 41
98 2
98 42
98 4
98 2
98 48
98 93
98 71
98 52
98 12
98 77
98 96
98 43
98 79
98 62
98 52
98 62
98 77
98 87
98 98
98 84
98 2
98 76
98 100
98 88
98 74
98 1
98 8
98 90
98 93
98 84
98 67
98 45
98 31
98 2
98 42
98 39
98 28
98 62
98 75
98 29
98 7
98 60
98 99
98 92
98 47
98 28
98 5
98 38
98 90
98 88
98 13
98 11
98 21
98 14
98 80
98 10
98 60
98 5
98 78
98 91
98 38
98 14
98 86
98 96
98 19
98 84
98 65
98 82
98 70
98 60
98 29
98 91
98 91
98 9
98 92
98 80
98 2
98 22
98 29
98 6
98 42
100 34
100 5
100 18
100 76
100 43
100 76
100 54
100 37
100 6
100 2
100 80
100 30
100 1
100 3
100 55
100 78
100 57
100 64
100 17
100 17
100 51
100 89
100 71
100 17
100 63
100 29
100 71
100 56
100 18
100 29
100 71
100 2
100 80
100 18
100 52
100 34
100 94
100 9
100 89
100 18
100 9
100 12
100 4
100 97
100 55
100 40
100 30
100 30
100 42
100 8
100 33
100 31
100 43
100 94
100 25
100 32
100 70
100 52
100 1
100 51
100 71
100 57
100 82
100 77
100 93
100 43
100 70
100 19
100 25
100 89
100 88
100 83
100 78
100 40
100 43
100 66
100 88
100 63
100 70
100 33
100 33
100 11
100 47
100 83
100 15
100 1
100 21
100 15
100 95
100 22
100 38
100 2
100 26
100 58
100 43
100 76
100 71
100 48
100 41
100 97
98 59
98 81
98 59
98 43
98 47
98 60
98 49
98 68
98 10
98 4
98 40
98 21
98 25
98 37
98 30
98 83
98 29
98 87
98 29
98 24
98 29
98 33
98 46
98 47
98 58
98 51
98 18
98 73
98 8
98 24
98 31
98 94
98 57
98 42
98 51
98 39
98 44
98 18
98 11
98 29
98 7
98 37
98 10
98 77
98 76
98 73
98 11
98 76
98 25
98 63
98 11
98 9
98 84
98 51
98 68
98 88
98 30
98 87
98 33
98 50
98 58
98 72
98 37
98 74
98 29
98 85
98 24
98 2
98 49
98 3
98 96
98 31
98 14
98 96
98 68
98 84
98 93
98 68
98 92
98 3
98 93
98 27
98 2
98 53
98 56
98 4
98 91
98 1
98 88
98 59
98 11
98 34
98 30
98 78
98 6
98 45
98 80
98 61
98 56
98 81
26 33
26 30
26 81
26 37
26 90
26 17
26 19
26 9
26 13
26 13
26 59
26 36
26 86
26 39
26 28
26 82
26 93
26 80
26 57
26 10
26 82
26 76
26 42
26 12
26 73
26 40
26 71
26 11
26 97
26 47
26 5
26 4
26 38
26 44
26 79
26 46
26 96
26 49
26 35
26 27
26 23
26 48
26 47
26 38
26 100
26 69
26 44
26 25
26 77
26 43
26 43
26 63
26 61
26 8
26 43
26 77
26 89
26 37
26 33
26 56
26 56
26 65
26 50
26 37
26 14
26 64
26 50
26 14
26 71
26 1
26 76
26 53
26 23
26 41
26 57
26 32
26 82
26 93
26 48
26 67
26 33
26 9
26 42
26 52
26 39
26 59
26 91
26 34
26 15
26 23
26 12
26 13
26 17
26 85
26 87
26 11
26 86
26 85
26 80
26 29
17 74
17 9
17 19
17 27
17 74
17 35
17 48
17 70
17 59
17 2
17 31
17 93
17 82
17 74
17 83
17 91
17 56
17 41
17 51
17 69
17 38
17 28
17 80
17 71
17 75
17 27
17 52
17 72
17 3
17 96
17 88
17 72
17 20
17 15
17 12
17 90
17 95
17 87
17 92
17 51
17 67
17 77
17 40
17 33
17 82
17 76
17 74
17 72
17 47
17 37
17 77
17 39
17 18
17 41
17 18
17 38
17 41
17 54
17 61
17 47
17 21
17 80
17 54
17 95
17 55
17 23
17 9
17 29
17 93
17 77
17 16
17 86
17 56
17 4
17 70
17 36
17 40
17 60
17 60
17 56
17 68
17 28
17 35
17 16
17 56
17 75
17 71
17 28
17 60
17 10
17 22
17 99
17 56
17 77
17 53
17 21
17 87
17 76
17 57
17 51
90 78
90 59
90 47
90 6
90 33
90 54
90 46
90 12
90 43
90 2
90 90
90 19
90 19
90 60
90 93
90 48
90 59
90 6
90 70
90 62
90 29
90 17
90 25
90 5
90 69
90 69
90 29
90 99
90 4
90 89
90 56
90 87
90 68
90 43
90 75
90 79
90 45
90 84
90 18
90 65
90 83
90 15
90 61
90 52
90 1
90 86
90 77
90 12
90 21
90 78
90 100
90 59
90 19
90 60
90 39
90 27
90 96
90 45
90 69
90 100
90 86
90 44
90 69
90 100
90 13
90 89
90 80
90 85
90 33
90 89
90 65
90 74
90 32
90 9
90 27
90 88
90 82
90 75
90 59
90 14
90 75
90 39
90 31
90 80
90 48
90 32
90 26
90 95
90 35
90 66
90 52
90 13
90 35
90 54
90 37
90 64
90 99
90 29
90 32
90 68
47 75
47 27
47 92
47 94
47 90
47 97
47 61
47 94
47 8
47 85
47 12
47 42
47 84
47 18
47 98
47 6
47 86
47 16
47 9
47 17
47 3
47 51
47 17
47 84
47 98
47 60
47 24
47 12
47 76
47 94
47 7
47 28
47 26
47 74
47 97
47 95
47 83
47 83
47 35
47 61
47 57
47 54
47 8
47 95
47 22
47 81
47 4
47 49
47 58
47 49
47 13
47 22
47 65
47 96
47 90
47 47
47 20
47 99
47 74
47 62
47 5
47 20
47 27
47 92
47 21
47 87
47 18
47 88
47 74
47 32
47 23
47 20
47 68
47 86
47 61
47 84
47 90
47 20
47 13
47 91
47 28
47 22
47 81
47 51
47 63
47 6
47 95
47 45
47 36
47 14
47 26
47 59
47 54
47 81
47 5
47 10
47 55
47 39
47 100
47 68
84 11
84 46
84 30
84 41
84 56
84 14
84 72
84 85
84 56
84 9
84 46
84 79
84 82
84 43
84 95
84 52
84 60
84 36
84 94
84 91
84 72
84 52
84 27
84 9
84 72
84 15
84 100
84 12
84 19
84 34
84 84
84 29
84 30
84 80
84 75
84 68
84 56
84 82
84 75
84 1
84 59
84 37
84 83
84 49
84 40
84 65
84 48
84 75
84 40
84 28
84 44
84 20
84 71
84 86
84 36
84 75
84 5
84 78
84 17
84 28
84 59
84 9
84 88
84 33
84 49
84 77
84 20
84 14
84 10
84 74
84 37
84 74
84 71
84 4
84 98
84 37
84 81
84 78
84 39
84 74
84 77
84 96
84 40
84 65
84 25
84 68
84 78
84 52
84 13
84 2
84 91
84 7
84 26
84 74
84 38
84 78
84 3
84 90
84 38
84 64
85 62
85 18
85 14
85 96
85 46
85 45
85 99
85 50
85 76
85 13
85 82
85 25
85 71
85 70
85 82
85 44
85 32
85 7
85 53
85 52
85 98
85 45
85 78
85 36
85 93
85 45
85 35
85 79
85 51
85 1
85 91
85 65
85 82
85 8
85 70
85 41
85 94
85 20
85 54
85 76
85 56
85 58
85 53
85 76
85 22
85 83
85 59
85 8
85 76
85 18
85 78
85 97
85 89
85 27
85 82
85 19
85 87
85 1
85 78
85 32
85 48
85 99
85 42
85 88
85 35
85 61
85 77
85 22
85 79
85 16
85 90
85 34
85 72
85 37
85 3
85 83
85 46
85 3
85 97
85 39
85 37
85 17
85 99
85 91
85 3
85 55
85 96
85 73
85 11
85 29
85 43
85 30
85 27
85 30
85 98
85 51
85 80
85 37
85 65
85 10
94 82
94 59
94 59
94 22
94 24
94 65
94 80
94 62
94 34
94 55
94 62
94 52
94 77
94 66
94 3
94 3
94 79
94 19
94 10
94 69
94 50
94 18
94 67
94 7
94 39
94 90
94 26
94 70
94 9
94 31
94 4
94 39
94 6
94 47
94 59
94 43
94 76
94 74
94 67
94 20
94 8
94 2
94 16
94 79
94 43
94 61
94 40
94 1
94 21
94 11
94 17
94 97
94 72
94 19
94 19
94 44
94 44
94 34
94 97
94 21
94 4
94 47
94 44
94 5
94 31
94 83
94 7
94 17
94 91
94 58
94 19
94 92
94 85
94 54
94 99
94 82
94 36
94 65
94 41
94 44
94 4
94 25
94 1
94 16
94 12
94 57
94 22
94 46
94 74
94 65
94 10
94 54
94 75
94 71
94 92
94 83
94 45
94 89
94 50
94 17
57 93
57 100
57 4
57 53
57 98
57 9
57 73
57 97
57 17
57 20
57 79
57 76
57 48
57 85
57 95
57 17
57 54
57 20
57 95
57 23
57 87
57 44
57 5
57 1
57 37
57 96
57 91
57 6
57 89
57 47
57 54
57 20
57 99
57 47
57 62
57 67
57 55
57 42
57 39
57 3
57 4
57 67
57 77
57 55
57 63
57 58
57 96
57 21
57 93
57 15
57 9
57 23
57 90
57 2
57 86
57 84
57 53
57 18
57 47
57 93
57 39
57 57
57 91
57 46
57 33
57 18
57 8
57 69
57 65
57 85
57 5
57 75
57 26
57 56
57 44
57 95
57 94
57 65
57 88
57 37
57 12
57 84
57 18
57 100
57 77
57 30
57 2
57 99
57 32
57 21
57 14
57 54
57 23
57 79
57 62
57 54
57 28
57 4
57 73
57 47
83 70
83 8
83 77
83 98
83 92
83 61
83 94
83 5
83 14
83 8
83 1
83 70
83 19
83 80
83 92
83 100
83 33
83 73
83 27
83 39
83 38
83 92
83 88
83 84
83 11
83 73
83 39
83 57
83 21
83 42
83 45
83 61
83 27
83 70
83 40
83 77
83 87
83 61
83 87
83 66
83 82
83 6
83 8
83 23
83 12
83 79
83 65
83 57
83 84
83 14
83 32
83 66
83 56
83 83
83 42
83 67
83 45
83 62
83 49
83 58
83 22
83 99
83 88
83 91
83 55
83 97
83 17
83 2
83 56
83 93
83 82
83 78
83 96
83 13
83 6
83 36
83 41
83 20
83 54
83 48
83 37
83 71
83 77
83 73
83 66
83 83
83 21
83 58
83 24
83 54
83 96
83 26
83 60
83 55
83 99
83 84
83 36
83 25
83 99
83 93
99 93
99 81
99 96
99 26
99 89
99 7
99 56
99 81
99 2
99 76
99 35
99 25
99 55
99 56
99 20
99 49
99 83
99 59
99 63
99 19
99 34
99 36
99 50
99 47
99 61
99 2
99 98
99 34
99 46
99 86
99 32
99 66
99 95
99 25
99 36
99 88
99 90
99 27
99 5
99 64
99 19
99 75
99 82
99 98
99 74
99 1
99 45
99 96
99 15
99 98
99 78
99 59
99 10
99 75
99 100
99 41
99 14
99 6
99 80
99 21
99 3
99 67
99 7
99 31
99 3
99 91
99 79
99 42
99 23
99 96
99 46
99 93
99 91
99 21
99 75
99 90
99 28
99 79
99 92
99 71
99 82
99 18
99 39
99 28
99 72
99 14
99 77
99 98
99 27
99 15
99 26
99 2
99 38
99 24
99 80
99 27
99 70
99 38
99 26
99 10
58 83
58 33
58 19
58 54
58 59
58 38
58 97
58 69
58 97
58 56
58 88
58 89
58 59
58 72
58 1
58 11
58 16
58 50
58 94
58 4
58 100
58 34
58 2
58 35
58 61
58 42
58 21
58 76
58 55
58 4
58 89
58 65
58 37
58 36
58 72
58 33
58 3
58 6
58 73
58 97
58 86
58 97
58 64
58 37
58 3
58 96
58 64
58 34
58 42
58 12
58 56
58 14
58 27
58 66
58 16
58 67
58 94
58 16
58 3
58 64
58 3
58 47
58 1
58 65
58 25
58 13
58 75
58 16
58 7
58 94
58 11
58 8
58 88
58 52
58 90
58 8
58 27
58 59
58 96
58 13
58 21
58 14
58 48
58 96
58 66
58 8
58 85
58 18
58 31
58 46
58 60
58 32
58 58
58 38
58 67
58 14
58 83
58 30
58 15
58 65
76 2
76 60
76 83
76 71
76 29
76 52
76 35
76 90
76 7
76 16
76 41
76 62
76 71
76 77
76 93
76 37
76 36
76 62
76 46
76 35
76 42
76 26
76 85
76 24
76 37
76 15
76 99
76 25
76 78
76 71
76 51
76 61
76 71
76 45
76 71
76 98
76 97
76 32
76 64
76 33
76 12
76 47
76 7
76 16
76 85
76 50
76 24
76 16
76 75
76 40
76 67
76 50
76 26
76 86
76 74
76 9
76 30
76 82
76 78
76 60
76 8
76 9
76 35
76 78
76 5
76 28
76 70
76 97
76 49
76 60
76 99
76 12
76 89
76 76
76 73
76 4
76 36
76 93
76 56
76 43
76 82
76 63
76 27
76 15
76 76
76 36
76 13
76 85
76 52
76 26
76 34
76 86
76 89
76 18
76 47
76 88
76 1
76 23
76 30
76 5
56 7
56 24
56 56
56 84
56 88
56 51
56 99
56 7
56 33
56 28
56 15
56 44
56 57
56 22
56 14
56 13
56 86
56 84
56 35
56 69
56 97
56 42
56 54
56 2
56 83
56 23
56 42
56 82
56 83
56 6
56 53
56 34
56 93
56 57
56 81
56 43
56 77
56 40
56 51
56 83
56 36
56 88
56 55
56 54
56 85
56 77
56 27
56 9
56 94
56 63
56 14
56 82
56 60
56 76
56 21
56 63
56 18
56 45
56 94
56 15
56 13
56 39
56 86
56 10
56 92
56 35
56 9
56 13
56 38
56 94
56 65
56 94
56 5
56 76
56 61
56 6
56 71
56 56
56 95
56 49
56 8
56 4
56 12
56 47
56 36
56 89
56 53
56 48
56 88
56 31
56 33
56 38
56 47
56 20
56 21
56 39
56 79
56 82
56 22
56 71
85 37
85 9
85 75
85 24
85 62
85 58
85 65
85 2
85 40
85 83
85 37
85 46
85 64
85 46
85 49
85 5
85 37
85 34
85 96
85 87
85 95
85 38
85 80
85 95
85 50
85 72
85 98
85 17
85 18
85 58
85 31
85 67
85 27
85 37
85 48
85 20
85 70
85 49
85 93
85 35
85 9
85 11
85 30
85 43
85 56
85 75
85 51
85 72
85 99
85 29
85 39
85 86
85 48
85 68
85 16
85 19
85 74
85 46
85 32
85 71
85 16
85 58
85 99
85 33
85 32
85 91
85 80
85 9
85 12
85 54
85 56
85 94
85 72
85 30
85 97
85 38
85 98
85 79
85 55
85 77
85 34
85 99
85 65
85 23
85 97
85 69
85 41
85 55
85 66
85 87
85 82
85 31
85 89
85 94
85 87
85 1
85 87
85 80
85 4
85 13
65 70
65 1
65 54
65 7
65 58
65 76
65 15
65 18
65 3
65 95
65 68
65 25
65 48
65 10
65 100
65 11
65 14
65 5
65 64
65 50
65 78
65 3
65 19
65 59
65 64
65 20
65 79
65 26
65 64
65 82
65 99
65 97
65 22
65 48
65 85
65 76
65 16
65 28
65 65
65 54
65 53
65 57
65 40
65 79
65 99
65 78
65 28
65 64
65 93
65 58
65 86
65 78
65 21
65 12
65 76
65 61
65 6
65 4
65 100
65 2
65 92
65 67
65 76
65 22
65 50
65 16
65 79
65 57
65 54
65 48
65 84
65 61
65 94
65 50
65 10
65 27
65 87
65 23
65 32
65 92
65 75
65 70
65 67
65 84
65 34
65 13
65 28
65 4
65 74
65 92
65 14
65 1
65 88
65 19
65 100
65 27
65 52
65 12
65 35
65 11
54 54
54 70
54 83
54 35
54 98
54 62
54 3
54 60
54 46
54 70
54 67
54 65
54 29
54 66
54 55
54 38
54 70
54 82
54 12
54 28
54 60
54 27
54 47
54 17
54 21
54 88
54 19
54 33
54 70
54 4
54 75
54 33
54 96
54 24
54 11
54 92
54 38
54 53
54 31
54 13
54 11
54 33
54 84
54 61
54 68
54 36
54 46
54 61
54 77
54 11
54 79
54 72
54 64
54 9
54 97
54 8
54 59
54 88
54 93
54 57
54 65
54 11
54 64
54 72
54 87
54 71
54 89
54 92
54 64
54 24
54 56
54 26
54 24
54 42
54 65
54 24
54 72
54 84
54 26
54 93
54 92
54 75
54 93
54 32
54 94
54 44
54 63
54 90
54 9
54 40
54 48
54 56
54 47
54 33
54 18
54 8
54 8
54 77
54 64
54 96
62 94
62 99
62 16
62 76
62 20
62 43
62 58
62 62
62 36
62 97
62 23
62 4
62 15
62 22
62 28
62 63
62 65
62 6
62 83
62 47
62 97
62 38
62 91
62 49
62 71
62 16
62 7
62 60
62 58
62 68
62 92
62 40
62 47
62 48
62 46
62 57
62 100
62 35
62 41
62 92
62 19
62 34
62 83
62 74
62 43
62 46
62 52
62 22
62 30
62 69
62 72
62 84
62 27
62 9
62 48
62 86
62 56
62 9
62 96
62 59
62 30
62 30
62 68
62 74
62 78
62 95
62 31
62 90
62 91
62 68
62 21
62 4
62 37
62 27
62 38
62 29
62 43
62 9
62 78
62 16
62 35
62 11
62 31
62 3
62 56
62 64
62 98
62 15
62 70
62 69
62 69
62 14
62 64
62 25
62 24
62 2
62 20
62 77
62 93
62 33
17 1
17 93
17 2
17 55
17 95
17 37
17 100
17 44
17 95
17 24
17 76
17 57
17 92
17 67
17 13
17 1
17 26
17 75
17 81
17 4
17 44
17 89
17 88
17 17
17 30
17 83
17 5
17 81
17 34
17 93
17 82
17 39
17 25
17 6
17 38
17 75
17 1
17 65
17 90
17 75
17 39
17 72
17 58
17 23
17 2
17 6
17 47
17 61
17 27
17 24
17 41
17 27
17 34
17 1
17 6
17 11
17 87
17 32
17 14
17 10
17 36
17 43
17 39
17 75
17 46
17 49
17 67
17 56
17 80
17 72
17 87
17 100
17 90
17 25
17 10
17 43
17 85
17 97
17 62
17 92
17 34
17 3
17 44
17 58
17 35
17 87
17 67
17 100
17 82
17 70
17 62
17 64
17 87
17 66
17 89
17 76
17 14
17 27
17 20
17 55
45 87
45 97
45 90
45 3
45 33
45 15
45 29
45 73
45 71
45 39
45 68
45 41
45 93
45 60
45 53
45 93
45 49
45 32
45 77
45 2
45 100
45 55
45 29
45 27
45 98
45 59
45 93
45 97
45 71
45 4
45 83
45 42
45 57
45 61
45 96
45 25
45 61
45 73
45 98
45 54
45 78
45 57
45 19
45 72
45 98
45 92
45 41
45 84
45 79
45 10
45 14
45 23
45 43
45 43
45 31
45 66
45 63
45 81
45 98
45 59
45 100
45 32
45 55
45 70
45 14
45 58
45 46
45 68
45 53
45 91
45 69
45 3
45 91
45 55
45 47
45 89
45 4
45 87
45 67
45 85
45 66
45 10
45 53
45 45
45 26
45 97
45 94
45 15
45 82
45 40
45 67
45 62
45 76
45 3
45 31
45 86
45 26
45 10
45 58
45 67
6 95
6 10
6 48
6 54
6 11
6 7
6 33
6 58
6 13
6 41
6 67
6 30
6 26
6 51
6 84
6 81
6 70
6 45
6 50
6 4
6 42
6 42
6 70
6 88
6 47
6 23
6 38
6 6
6 53
6 23
6 38
6 61
6 92
6 93
6 78
6 82
6 22
6 70
6 63
6 32
6 88
6 9
6 77
6 56
6 27
6 74
6 55
6 64
6 15
6 36
6 76
6 65
6 95
6 77
6 90
6 56
6 22
6 37
6 22
6 31
6 98
6 51
6 63
6 88
6 50
6 39
6 83
6 86
6 17
6 65
6 23
6 98
6 74
6 66
6 40
6 61
6 16
6 100
6 10
6 62
6 65
6 66
6 31
6 10
6 60
6 79
6 40
6 90
6 69
6 87
6 54
6 27
6 80
6 41
6 80
6 98
6 72
6 53
6 47
6 73
77 13
77 96
77 96
77 49
77 90
77 27
77 55
77 97
77 7
77 91
77 31
77 36
77 18
77 30
77 100
77 96
77 8
77 33
77 21
77 32
77 18
77 76
77 1
77 51
77 36
77 13
77 36
77 41
77 64
77 72
77 6
77 55
77 61
77 12
77 9
77 23
77 15
77 88
77 68
77 67
77 72
77 63
77 27
77 13
77 64
77 42
77 1
77 53
77 75
77 53
77 89
77 58
77 26
77 6
77 3
77 24
77 84
77 9
77 80
77 21
77 100
77 26
77 73
77 12
77 86
77 19
77 26
77 59
77 44
77 1
77 25
77 28
77 100
77 88
77 21
77 96
77 45
77 44
77 83
77 8
77 52
77 37
77 44
77 30
77 78
77 28
77 11
77 29
77 46
77 92
77 18
77 49
77 74
77 7
77 3
77 49
77 5
77 24
77 53
77 56
45 49
45 16
45 88
45 17
45 4
45 15
45 25
45 89
45 44
45 40
45 38
45 7
45 22
45 64
45 28
45 91
45 5
45 24
45 7
45 98
45 72
45 80
45 66
45 53
45 23
45 99
45 48
45 50
45 63
45 75
45 44
45 36
45 53
45 12
45 87
45 2
45 98
45 44
45 30
45 92
45 22
45 57
45 10
45 66
45 55
45 29
45 95
45 70
45 19
45 52
45 31
45 16
45 40
45 49
45 48
45 33
45 81
45 3
45 14
45 45
45 85
45 1
45 32
45 80
45 95
45 97
45 84
45 81
45 72
45 53
45 44
45 50
45 87
45 29
45 30
45 63
45 25
45 76
45 83
45 67
45 59
45 53
45 100
45 34
45 80
45 75
45 42
45 39
45 98
45 3
45 38
45 7
45 26
45 33
45 8
45 38
45 67
45 31
45 2
45 89
71 25
71 2
71 57
71 52
71 82
71 84
71 50
71 81
71 33
71 50
71 54
71 7
71 88
71 20
71 22
71 96
71 5
71 99
71 47
71 70
71 93
71 43
71 15
71 98
71 17
71 24
71 1
71 56
71 35
71 97
71 28
71 84
71 52
71 1
71 37
71 31
71 32
71 76
71 85
71 28
71 4
71 10
71 22
71 1
71 47
71 13
71 4
71 24
71 32
71 15
71 58
71 44
71 9
71 46
71 67
71 85
71 4
71 26
71 4
71 26
71 98
71 71
71 79
71 50
71 98
71 14
71 84
71 89
71 15
71 83
71 54
71 6
71 67
71 44
71 72
71 17
71 23
71 54
71 40
71 27
71 94
71 31
71 39
71 13
71 27
71 4
71 79
71 13
71 76
71 52
71 15
71 57
71 6
71 61
71 77
71 49
71 19
71 58
71 1
71 3
16 10
16 32
16 37
16 62
16 24
16 51
16 5
16 28
16 1
16 37
16 90
16 18
16 38
16 9
16 68
16 27
16 52
16 14
16 92
16 99
16 94
16 10
16 84
16 9
16 94
16 48
16 78
16 40
16 45
16 62
16 44
16 47
16 8
16 8
16 22
16 24
16 51
16 55
16 84
16 45
16 30
16 79
16 34
16 95
16 11
16 28
16 31
16 2
16 28
16 50
16 78
16 51
16 27
16 91
16 91
16 89
16 28
16 95
16 91
16 46
16 76
16 56
16 21
16 27
16 20
16 91
16 99
16 93
16 60
16 97
16 49
16 31
16 78
16 32
16 60
16 61
16 34
16 76
16 18
16 77
16 61
16 48
16 63
16 99
16 59
16 83
16 74
16 66
16 98
16 42
16 93
16 34
16 17
16 80
16 38
16 24
16 59
16 94
16 17
16 24
62 4
62 61
62 67
62 6
62 53
62 66
62 25
62 49
62 81
62 61
62 14
62 66
62 46
62 86
62 58
62 97
62 54
62 82
62 77
62 85
62 37
62 64
62 44
62 75
62 28
62 97
62 39
62 16
62 21
62 66
62 82
62 57
62 9
62 1
62 77
62 50
62 13
62 95
62 99
62 22
62 97
62 59
62 73
62 78
62 82
62 80
62 95
62 50
62 21
62 70
62 32
62 37
62 12
62 53
62 4
62 83
62 33
62 84
62 53
62 85
62 4
62 2
62 40
62 62
62 44
62 83
62 61
62 87
62 30
62 89
62 44
62 76
62 62
62 22
62 90
62 90
62 96
62 66
62 54
62 74
62 71
62 90
62 6
62 18
62 86
62 48
62 54
62 34
62 64
62 22
62 83
62 42
62 84
62 3
62 85
62 89
62 8
62 8
62 75
62 69
77 28
77 42
77 20
77 34
77 56
77 74
77 25
77 71
77 68
77 36
77 57
77 86
77 13
77 80
77 83
77 30
77 27
77 56
77 81
77 90
77 26
77 34
77 6
77 12
77 14
77 77
77 30
77 63
77 48
77 54
77 33
77 48
77 20
77 78
77 5
77 10
77 90
77 34
77 77
77 7
77 74
77 99
77 70
77 79
77 67
77 43
77 69
77 40
77 20
77 10
77 12
77 75
77 53
77 44
77 65
77 53
77 4
77 7
77 12
77 79
77 66
77 20
77 59
77 34
77 52
77 63
77 18
77 31
77 61
77 96
77 24
77 42
77 2
77 98
77 40
77 74
77 28
77 75
77 77
77 32
77 15
77 48
77 82
77 63
77 90
77 41
77 63
77 64
77 61
77 43
77 96
77 95
77 81
77 94
77 64
77 30
77 87
77 19
77 26
77 97
14 13
14 99
14 81
14 42
14 71
14 97
14 77
14 75
14 55
14 49
14 11
14 1
14 78
14 64
14 23
14 53
14 76
14 54
14 96
14 97
14 58
14 64
14 54
14 7
14 15
14 29
14 28
14 62
14 82
14 7
14 14
14 16
14 5
14 72
14 73
14 46
14 89
14 59
14 19
14 100
14 28
14 29
14 96
14 84
14 32
14 45
14 30
14 69
14 67
14 89
14 14
14 24
14 23
14 76
14 15
14 77
14 97
14 92
14 47
14 69
14 73
14 68
14 88
14 61
14 42
14 74
14 33
14 82
14 27
14 40
14 5
14 7
14 100
14 24
14 36
14 38
14 31
14 6
14 34
14 67
14 3
14 100
14 41
14 32
14 6
14 4
14 47
14 16
14 62
14 30
14 32
14 79
14 98
14 19
14 98
14 31
14 30
14 10
14 95
14 57
99 82
99 22
99 71
99 60
99 88
99 82
99 57
99 66
99 89
99 61
99 9
99 12
99 68
99 30
99 82
99 79
99 5
99 62
99 17
99 25
99 68
99 17
99 60
99 91
99 5
99 39
99 59
99 68
99 75
99 19
99 65
99 15
99 66
99 34
99 81
99 11
99 42
99 5
99 43
99 87
99 82
99 76
99 47
99 9
99 23
99 89
99 73
99 90
99 45
99 34
99 32
99 68
99 42
99 36
99 94
99 85
99 54
99 74
99 36
99 45
99 14
99 86
99 17
99 44
99 48
99 14
99 84
99 100
99 87
99 71
99 60
99 11
99 64
99 51
99 13
99 10
99 71
99 34
99 71
99 9
99 92
99 18
99 66
99 22
99 67
99 93
99 11
99 76
99 69
99 59
99 53
99 89
99 28
99 96
99 26
99 8
99 10
99 59
99 39
99 27
53 30
53 31
53 8
53 66
53 66
53 84
53 29
53 62
53 75
53 37
53 28
53 67
53 32
53 12
53 38
53 48
53 75
53 49
53 67
53 39
53 75
53 70
53 98
53 90
53 13
53 6
53 81
53 66
53 32
53 21
53 61
53 100
53 58
53 83
53 90
53 86
53 80
53 80
53 18
53 81
53 61
53 78
53 98
53 39
53 77
53 40
53 6
53 80
53 99
53 46
53 6
53 97
53 52
53 80
53 78
53 10
53 5
53 50
53 11
53 17
53 19
53 17
53 95
53 14
53 95
53 63
53 93
53 44
53 16
53 84
53 32
53 79
53 70
53 42
53 52
53 49
53 85
53 26
53 87
53 42
53 68
53 52
53 53
53 88
53 59
53 48
53 27
53 35
53 90
53 26
53 67
53 6
53 1
53 60
53 37
53 63
53 23
53 71
53 38
53 36
6 36
6 11
6 30
6 63
6 8
6 57
6 18
6 70
6 81
6 28
6 88
6 98
6 74
6 7
6 59
6 89
6 70
6 29
6 95
6 81
6 61
6 82
6 11
6 28
6 20
6 17
6 65
6 77
6 42
6 50
6 88
6 85
6 88
6 20
6 94
6 55
6 36
6 66
6 67
6 42
6 35
6 72
6 60
6 92
6 57
6 72
6 95
6 76
6 83
6 19
6 91
6 35
6 100
6 15
6 44
6 87
6 95
6 7
6 23
6 15
6 99
6 14
6 35
6 23
6 80
6 72
6 9
6 77
6 72
6 61
6 36
6 98
6 11
6 72
6 74
6 74
6 51
6 40
6 98
6 31
6 98
6 6
6 23
6 16
6 59
6 92
6 92
6 68
6 66
6 7
6 34
6 100
6 82
6 72
6 53
6 47
6 21
6 28
6 6
6 41
63 50
63 18
63 97
63 35
63 38
63 94
63 38
63 43
63 30
63 52
63 42
63 83
63 64
63 23
63 80
63 38
63 21
63 68
63 59
63 50
63 62
63 70
63 79
63 88
63 75
63 85
63 20
63 32
63 19
63 31
63 88
63 11
63 89
63 74
63 31
63 49
63 23
63 21
63 25
63 54
63 48
63 54
63 93
63 98
63 93
63 11
63 100
63 57
63 63
63 77
63 10
63 56
63 2
63 56
63 47
63 64
63 2
63 82
63 18
63 29
63 27
63 51
63 26
63 67
63 42
63 13
63 51
63 84
63 35
63 70
63 63
63 73
63 90
63 42
63 65
63 27
63 4
63 3
63 98
63 5
63 36
63 31
63 83
63 98
63 22
63 74
63 90
63 98
63 62
63 27
63 31
63 2
63 17
63 2
63 92
63 52
63 94
63 77
63 80
63 11
60 89
60 38
60 90
60 5
60 17
60 80
60 28
60 28
60 70
60 79
60 92
60 88
60 8
60 81
60 17
60 39
60 70
60 56
60 81
60 15
60 20
60 44
60 80
60 79
60 6
60 98
60 30
60 42
60 23
60 48
60 62
60 92
60 95
60 67
60 19
60 42
60 87
60 28
60 95
60 79
60 29
60 43
60 83
60 31
60 47
60 59
60 2
60 12
60 35
60 74
60 89
60 32
60 89
60 44
60 27
60 97
60 54
60 34
60 67
60 80
60 96
60 39
60 81
60 54
60 24
60 18
60 44
60 99
60 52
60 59
60 7
60 3
60 31
60 66
60 57
60 94
60 84
60 61
60 15
60 67
60 75
60 79
60 42
60 56
60 7
60 7
60 31
60 36
60 75
60 88
60 16
60 51
60 80
60 44
60 56
60 51
60 85
60 79
60 23
60 47
54 48
54 9
54 22
54 95
54 81
54 17
54 43
54 59
54 60
54 82
54 5
54 47
54 72
54 99
54 55
54 92
54 92
54 20
54 67
54 22
54 60
54 16
54 100
54 65
54 47
54 65
54 99
54 80
54 11
54 77
54 88
54 92
54 9
54 8
54 16
54 48
54 82
54 17
54 23
54 48
54 62
54 59
54 67
54 72
54 72
54 59
54 95
54 80
54 31
54 11
54 31
54 91
54 63
54 77
54 25
54 93
54 17
54 28
54 64
54 31
54 7
54 16
54 85
54 78
54 44
54 71
54 91
54 32
54 20
54 98
54 68
54 58
54 54
54 63
54 67
54 69
54 85
54 7
54 70
54 65
54 6
54 37
54 32
54 18
54 3
54 43
54 96
54 81
54 74
54 30
54 53
54 84
54 12
54 79
54 20
54 99
54 51
54 18
54 17
54 91
69 58
69 88
69 90
69 93
69 23
69 1
69 42
69 92
69 23
69 68
69 54
69 38
69 82
69 6
69 30
69 16
69 80
69 38
69 50
69 53
69 29
69 22
69 20
69 35
69 20
69 98
69 74
69 29
69 5
69 71
69 96
69 6
69 18
69 66
69 80
69 74
69 53
69 26
69 5
69 78
69 44
69 83
69 58
69 41
69 57
69 70
69 46
69 10
69 50
69 58
69 96
69 20
69 91
69 75
69 31
69 7
69 32
69 83
69 32
69 80
69 79
69 17
69 92
69 20
69 64
69 33
69 46
69 75
69 79
69 76
69 46
69 100
69 44
69 37
69 40
69 61
69 32
69 89
69 17
69 87
69 82
69 58
69 6
69 79
69 39
69 51
69 90
69 87
69 54
69 49
69 77
69 2
69 79
69 89
69 57
69 65
69 70
69 56
69 14
69 48
54 50
54 47
54 48
54 85
54 74
54 20
54 42
54 92
54 99
54 23
54 90
54 61
54 64
54 7
54 73
54 5
54 52
54 89
54 93
54 40
54 70
54 72
54 85
54 13
54 33
54 62
54 49
54 60
54 22
54 3
54 28
54 64
54 38
54 72
54 18
54 25
54 34
54 100
54 74
54 65
54 4
54 99
54 73
54 83
54 19
54 41
54 4
54 25
54 70
54 13
54 54
54 20
54 86
54 22
54 66
54 41
54 40
54 54
54 80
54 85
54 55
54 93
54 13
54 56
54 22
54 25
54 1
54 40
54 55
54 18
54 72
54 79
54 73
54 11
54 94
54 64
54 83
54 31
54 4
54 46
54 6
54 46
54 44
54 80
54 44
54 74
54 53
54 54
54 23
54 78
54 40
54 80
54 6
54 35
54 4
54 7
54 78
54 8
54 98
54 63
19 82
19 51
19 92
19 15
19 87
19 11
19 52
19 23
19 72
19 84
19 75
19 81
19 8
19 68
19 62
19 6
19 43
19 73
19 15
19 73
19 73
19 4
19 63
19 55
19 2
19 16
19 47
19 65
19 65
19 67
19 19
19 6
19 7
19 22
19 19
19 90
19 79
19 68
19 57
19 63
19 26
19 5
19 5
19 60
19 89
19 39
19 36
19 33
19 22
19 12
19 38
19 3
19 79
19 63
19 16
19 53
19 73
19 35
19 66
19 82
19 27
19 86
19 2
19 85
19 99
19 66
19 43
19 22
19 46
19 21
19 34
19 27
19 25
19 7
19 25
19 51
19 11
19 36
19 41
19 21
19 10
19 40
19 21
19 11
19 30
19 74
19 98
19 92
19 29
19 15
19 13
19 28
19 33
19 48
19 39
19 43
19 70
19 23
19 69
19 29
13 26
13 76
13 8
13 39
13 84
13 36
13 87
13 94
13 68
13 25
13 44
13 77
13 44
13 94
13 9
13 46
13 41
13 26
13 30
13 84
13 89
13 8
13 22
13 51
13 61
13 42
13 29
13 50
13 21
13 91
13 45
13 95
13 2
13 35
13 67
13 33
13 84
13 38
13 58
13 68
13 71
13 47
13 71
13 18
13 10
13 7
13 80
13 89
13 65
13 32
13 20
13 47
13 15
13 50
13 22
13 45
13 89
13 47
13 44
13 11
13 79
13 19
13 99
13 96
13 9
13 2
13 36
13 73
13 46
13 66
13 44
13 84
13 49
13 26
13 76
13 69
13 39
13 91
13 70
13 51
13 86
13 82
13 81
13 11
13 60
13 9
13 69
13 54
13 79
13 71
13 30
13 76
13 33
13 44
13 50
13 24
13 41
13 75
13 14
13 78
83 35
83 23
83 52
83 44
83 30
83 25
83 87
83 22
83 92
83 80
83 52
83 39
83 13
83 35
83 92
83 4
83 59
83 14
83 81
83 53
83 58
83 59
83 67
83 32
83 84
83 85
83 42
83 6
83 4
83 16
83 98
83 3
83 98
83 20
83 8
83 71
83 68
83 55
83 94
83 89
83 82
83 3
83 7
83 68
83 41
83 8
83 55
83 75
83 13
83 42
83 39
83 56
83 97
83 70
83 68
83 23
83 79
83 33
83 24
83 87
83 85
83 44
83 50
83 12
83 9
83 94
83 79
83 18
83 84
83 31
83 50
83 98
83 66
83 41
83 71
83 84
83 45
83 46
83 70
83 68
83 78
83 23
83 4
83 87
83 75
83 99
83 55
83 94
83 30
83 38
83 21
83 48
83 5
83 71
83 92
83 16
83 16
83 2
83 40
83 28
65 94
65 97
65 45
65 42
65 57
65 18
65 18
65 20
65 58
65 39
65 47
65 31
65 76
65 52
65 63
65 23
65 40
65 52
65 2
65 90
65 56
65 92
65 96
65 43
65 74
65 8
65 19
65 18
65 82
65 85
65 5
65 80
65 32
65 29
65 20
65 39
65 99
65 8
65 46
65 5
65 99
65 92
65 5
65 66
65 69
65 25
65 90
65 36
65 8
65 45
65 11
65 14
65 43
65 48
65 21
65 58
65 70
65 65
65 81
65 36
65 44
65 55
65 55
65 6
65 80
65 8
65 22
65 40
65 21
65 18
65 11
65 59
65 100
65 34
65 4
65 22
65 10
65 50
65 81
65 8
65 27
65 5
65 24
65 25
65 9
65 51
65 43
65 5
65 20
65 71
65 64
65 98
65 66
65 40
65 42
65 97
65 39
65 22
65 85
65 32
83 28
83 16
83 100
83 61
83 52
83 78
83 47
83 63
83 16
83 65
83 78
83 8
83 88
83 93
83 44
83 51
83 15
83 25
83 97
83 59
83 84
83 49
83 66
83 72
83 38
83 79
83 86
83 61
83 33
83 18
83 63
83 72
83 94
83 20
83 97
83 63
83 46
83 15
83 96
83 41
83 20
83 97
83 13
83 69
83 82
83 45
83 69
83 37
83 1
83 99
83 86
83 87
83 99
83 15
83 51
83 19
83 100
83 13
83 94
83 66
83 94
83 81
83 53
83 85
83 76
83 71
83 99
83 62
83 6
83 54
83 9
83 79
83 73
83 87
83 39
83 51
83 95
83 87
83 41
83 98
83 20
83 65
83 9
83 28
83 14
83 5
83 37
83 24
83 43
83 95
83 81
83 11
83 44
83 60
83 60
83 68
83 10
83 99
83 97
83 63
