5.0 5.0 10.0 5.0 5.0 10.0
6 8.5 4.7 6.9 5.0 3.6 6.5 4.2 7.1 4.2 8.3 4.7 8.8
2.0 8.0 0.5 16.87412 7.5 0.8761
2 3.25 9.25 7.0 7.0
0.000 0.000 999.999999 999.999999 -999.999999 -999.999999
1 0.000 0.000
0.0 0.0 -1.000001 1.000001 1.000001 -1.000001
1 0.0 0.0
10.550 10.5500 15.550000 15.550000 15.55 5.550
1 10.071067 10.0
10.550 10.5500 15.550000 5.550000 15.55 15.550
1 10.071067 10.0
0.000 0.000 999.999999 999.999999 -999.999999 -999.999999
3 0.000 0.000 999.999999 999.999999 0.0 0.0
0.000 0.000 999.999999 999.999999 -999.999999 -999.999999
3 480.555 480.555 999.999999 999.999999 0.0 0.0
-3.14159 -3.14159 -3.14159 -1.14159 -3.14159 -5.14159
1 -3.14159 -3.14159
-3.14159 -3.14159 -3.14159 -5.14159 -3.14159 -1.14159
1 -3.14159 -3.14159
-3.14159 -3.14159 -3.14159 -1.14159 -3.14159 -5.14159
10 -3.14159 -3.14159 -3.14159 -3.14159 -3.14159 -3.14159 -3.14159 -3.14159 -3.14159 -3.14159 -3.14159 -3.14159 -3.14159 -3.14159 -3.14159 -3.14159 -3.14159 -3.14159 -3.14159 -3.14159
32.00 32.00 36.00 46.456832 35.000000 46.696939
3 30.31 32.33 33.34 34.35 36.37 38.39
32.00 32.00 35.000000 46.696939 36.00 46.456832
3 30.31 32.33 33.34 34.35 36.37 38.39
0.0 0.0 0.0 10.0 0.0 -10.0
10 0.000001 -0.000001 -0.000001 0.0 -0.000001 0.0 0.0 0.000001 -0.000001 0.0 0.0 0.0 -0.000001 0.0 0.000001 0.0 0.0 -0.000001 0.0 0.000001
-10.0 -10.0 -6.858407 -10.0 -13.141593 -10.0
4 -7.858407 -10.0 -7.858407 -9.0 -8.858407 -9.0 -8.858407 -10.0
25.0 25.0 45.0 40.0 16.0 48.3238076
5 7.0 7.0 17.0 30.0 9.0 10.0 25.0 26.0 40.0 35.0
0.0 0.0 10.0 10.0 -10.0 -10.0
2 -9.999999 -9.999999 9.999999 9.999999
0.0 0.0 10.0 10.0 -10.0 -10.0
3 0.0 0.0 0.0 8.073279 0.0 0.0
0.0 0.0 10.0 10.0 -10.0 -10.0
3 0.0 0.0 0.0 8.071279 0.0 0.0
0 0 0 0 0 0
