206
3 3
1 2
2 3
1 3
5 6
1 2
2 3
1 3
1 4
4 5
1 5
4 3
1 2
1 3
1 4
15 14
1 2
1 3
1 4
1 8
1 15
3 6
4 5
4 13
5 9
5 11
6 7
7 12
9 10
9 14
24 27
1 2
1 3
1 4
1 6
2 3
3 7
3 8
4 5
5 6
6 9
6 24
7 8
9 10
10 11
11 12
12 13
13 14
14 15
15 16
16 17
17 18
18 19
19 20
20 21
21 22
22 23
23 24
18 17
1 2
1 5
1 13
2 3
2 4
2 12
3 6
3 8
4 7
4 18
6 11
6 14
8 9
8 10
8 17
9 16
14 15
18 19
1 2
1 3
2 3
3 4
3 18
4 5
5 6
6 7
7 8
8 9
9 10
10 11
11 12
12 13
13 14
14 15
15 16
16 17
17 18
16 17
1 2
1 6
2 3
2 7
2 16
3 4
4 5
5 6
7 8
8 9
9 10
10 11
11 12
12 13
13 14
14 15
15 16
17 18
1 2
1 8
2 3
3 4
4 5
5 6
6 7
6 9
6 17
7 8
9 10
10 11
11 12
12 13
13 14
14 15
15 16
16 17
13 13
1 2
1 13
2 3
3 4
4 5
5 6
6 7
7 8
8 9
9 10
10 11
11 12
12 13
20 20
1 2
1 3
1 4
3 7
4 5
4 8
5 6
6 9
6 20
9 10
10 11
11 12
12 13
13 14
14 15
15 16
16 17
17 18
18 19
19 20
13 13
1 2
1 13
2 3
3 4
4 5
5 6
6 7
7 8
8 9
9 10
10 11
11 12
12 13
14 14
1 2
1 14
2 3
3 4
4 5
5 6
6 7
7 8
8 9
9 10
10 11
11 12
12 13
13 14
16 17
1 2
1 10
1 16
2 3
2 9
3 4
4 5
5 6
6 7
7 8
8 9
10 11
11 12
12 13
13 14
14 15
15 16
12 13
1 2
1 7
2 3
3 4
3 8
3 12
4 5
5 6
6 7
8 9
9 10
10 11
11 12
16 18
1 2
1 3
2 3
2 4
2 5
4 5
5 6
5 16
6 7
7 8
8 9
9 10
10 11
11 12
12 13
13 14
14 15
15 16
16 16
1 2
1 16
2 3
3 4
4 5
5 6
6 7
7 8
8 9
9 10
10 11
11 12
12 13
13 14
14 15
15 16
12 12
1 2
1 12
2 3
3 4
4 5
5 6
6 7
7 8
8 9
9 10
10 11
11 12
16 16
1 2
1 16
2 3
3 4
4 5
5 6
6 7
7 8
8 9
9 10
10 11
11 12
12 13
13 14
14 15
15 16
18 19
1 2
1 3
2 3
3 4
3 18
4 5
5 6
6 7
7 8
8 9
9 10
10 11
11 12
12 13
13 14
14 15
15 16
16 17
17 18
18 19
1 2
1 4
2 3
2 5
2 18
3 4
5 6
6 7
7 8
8 9
9 10
10 11
11 12
12 13
13 14
14 15
15 16
16 17
17 18
17 17
1 2
1 17
2 3
3 4
4 5
5 6
6 7
7 8
8 9
9 10
10 11
11 12
12 13
13 14
14 15
15 16
16 17
18 17
1 2
1 4
2 3
2 12
3 5
3 8
4 7
4 10
4 17
5 6
6 9
6 14
7 11
8 13
10 18
12 15
12 16
35 37
1 2
1 4
1 5
1 13
2 3
5 6
6 7
7 8
8 9
8 18
8 35
9 10
10 11
11 12
11 14
11 17
12 13
14 15
15 16
16 17
18 19
19 20
20 21
21 22
22 23
23 24
24 25
25 26
26 27
27 28
28 29
29 30
30 31
31 32
32 33
33 34
34 35
23 25
1 2
1 11
1 12
1 17
2 3
3 4
4 5
4 18
4 23
5 6
6 7
7 8
8 9
9 10
10 11
12 13
13 14
14 15
15 16
16 17
18 19
19 20
20 21
21 22
22 23
24 24
1 2
1 17
2 3
3 4
4 5
5 6
5 18
5 19
5 21
6 7
7 8
8 9
9 10
10 11
11 12
12 13
13 14
14 15
15 16
16 17
18 20
19 23
20 22
22 24
20 21
1 2
1 5
2 3
2 6
3 4
4 5
5 7
5 20
7 8
8 9
9 10
10 11
11 12
12 13
13 14
14 15
15 16
16 17
17 18
18 19
19 20
25 27
1 2
1 6
1 7
1 15
2 3
2 16
2 25
3 4
4 5
5 6
7 8
8 9
9 10
10 11
11 12
12 13
13 14
14 15
16 17
17 18
18 19
19 20
20 21
21 22
22 23
23 24
24 25
31 32
1 2
1 18
1 19
1 31
2 3
3 4
4 5
5 6
6 7
7 8
8 9
9 10
10 11
11 12
12 13
13 14
14 15
15 16
16 17
17 18
19 20
20 21
21 22
22 23
23 24
24 25
25 26
26 27
27 28
28 29
29 30
30 31
25 25
1 2
1 4
2 3
3 5
3 25
5 6
6 7
7 8
8 9
9 10
10 11
11 12
12 13
13 14
14 15
15 16
16 17
17 18
18 19
19 20
20 21
21 22
22 23
23 24
24 25
22 22
1 2
1 4
2 3
2 5
2 7
2 15
3 4
5 6
5 8
5 11
6 20
7 9
7 10
7 12
7 19
7 21
8 17
9 14
9 22
11 13
11 16
14 18
22 22
1 2
1 8
1 9
1 17
1 19
2 3
3 4
4 5
5 6
6 7
7 8
9 10
9 11
10 12
10 13
10 15
12 14
12 18
13 20
14 16
18 21
19 22
20 22
1 2
1 10
2 3
3 4
3 11
3 17
4 5
5 6
6 7
7 8
8 9
9 10
11 12
12 13
13 14
14 15
15 16
16 17
17 18
17 20
18 19
19 20
20 20
1 2
1 3
2 4
2 20
4 5
5 6
6 7
7 8
8 9
9 10
10 11
11 12
12 13
13 14
14 15
15 16
16 17
17 18
18 19
19 20
29 28
1 2
1 3
1 4
2 9
2 12
2 16
3 5
3 13
4 6
5 7
6 17
7 8
7 10
7 11
11 14
12 15
14 18
14 20
18 19
18 22
19 28
20 21
20 29
21 23
22 27
23 24
23 25
23 26
35 37
1 2
1 13
2 3
3 4
4 5
4 20
4 35
5 6
6 7
7 8
8 9
9 10
10 11
10 14
10 19
11 12
12 13
14 15
15 16
16 17
17 18
18 19
20 21
21 22
22 23
23 24
24 25
25 26
26 27
27 28
28 29
29 30
30 31
31 32
32 33
33 34
34 35
25 26
1 2
1 3
1 4
2 3
4 5
4 6
4 7
5 8
6 10
6 11
8 9
10 12
10 25
12 13
13 14
14 15
15 16
16 17
17 18
18 19
19 20
20 21
21 22
22 23
23 24
24 25
33 33
1 2
1 14
2 3
3 4
4 5
5 6
6 7
7 8
8 9
9 10
10 11
11 12
12 13
12 15
12 18
12 27
13 14
15 16
15 20
15 23
16 17
16 19
16 28
17 22
17 24
17 32
17 33
18 26
19 21
20 25
25 29
27 30
28 31
20 20
1 2
1 20
2 3
3 4
4 5
5 6
6 7
7 8
8 9
9 10
10 11
11 12
12 13
13 14
14 15
15 16
16 17
17 18
18 19
19 20
28 28
1 2
1 3
2 5
2 9
2 12
3 4
4 6
4 7
4 8
4 13
4 14
4 15
4 24
9 10
10 11
11 12
13 20
13 23
13 27
14 16
14 22
15 17
16 18
17 28
18 19
18 21
21 26
22 25
33 35
1 2
1 10
2 3
2 19
2 33
3 4
4 5
5 6
5 11
6 7
7 8
8 9
9 10
10 13
10 18
11 12
13 14
14 15
15 16
16 17
17 18
19 20
20 21
21 22
22 23
23 24
24 25
25 26
26 27
27 28
28 29
29 30
30 31
31 32
32 33
30 32
1 2
1 5
2 3
3 4
3 6
3 13
3 14
3 30
4 5
6 7
7 8
8 9
9 10
10 11
11 12
12 13
14 15
15 16
16 17
17 18
18 19
19 20
20 21
21 22
22 23
23 24
24 25
25 26
26 27
27 28
28 29
29 30
21 21
1 2
1 21
2 3
3 4
4 5
5 6
6 7
7 8
8 9
9 10
10 11
11 12
12 13
13 14
14 15
15 16
16 17
17 18
18 19
19 20
20 21
33 35
1 2
1 7
1 8
1 17
2 3
3 4
4 5
5 6
6 7
8 9
9 10
10 11
11 12
12 13
13 14
14 15
15 16
15 18
15 33
16 17
18 19
19 20
20 21
21 22
22 23
23 24
24 25
25 26
26 27
27 28
28 29
29 30
30 31
31 32
32 33
36 39
1 2
1 9
2 3
3 4
4 5
5 6
6 7
6 14
6 21
7 8
8 9
9 10
9 13
10 11
11 12
12 13
14 15
15 16
16 17
16 22
16 36
17 18
18 19
19 20
20 21
22 23
23 24
24 25
25 26
26 27
27 28
28 29
29 30
30 31
31 32
32 33
33 34
34 35
35 36
33 34
1 2
1 17
2 3
3 4
4 5
5 6
6 7
7 8
8 9
9 10
10 11
11 12
12 13
13 14
14 15
15 16
15 18
15 33
16 17
18 19
19 20
20 21
21 22
22 23
23 24
24 25
25 26
26 27
27 28
28 29
29 30
30 31
31 32
32 33
38 40
1 2
1 9
2 3
3 4
4 5
5 6
6 7
6 10
6 17
6 22
7 8
7 26
7 38
8 9
10 11
10 13
10 15
11 12
11 14
11 16
11 18
11 19
14 23
14 25
18 20
19 21
23 24
24 25
26 27
27 28
28 29
29 30
30 31
31 32
32 33
33 34
34 35
35 36
36 37
37 38
34 34
1 2
1 3
1 4
1 12
1 16
1 18
4 5
4 6
4 7
4 10
5 19
5 21
5 23
5 25
6 14
7 8
8 9
8 11
11 13
12 15
16 17
17 18
19 20
19 22
20 24
20 27
21 34
22 30
25 26
25 29
25 31
26 32
27 28
30 33
35 37
1 2
1 4
1 5
1 22
2 3
3 4
5 6
6 7
7 8
8 9
8 30
9 10
10 11
11 12
12 13
13 14
14 15
15 16
16 17
17 18
17 23
17 29
18 19
19 20
20 21
21 22
23 24
24 25
25 26
26 27
27 28
28 29
30 31
30 33
31 32
31 34
31 35
48 50
1 2
1 21
2 3
3 4
4 5
5 6
6 7
7 8
8 9
9 10
10 11
11 12
12 13
13 14
14 15
15 16
16 17
17 18
17 22
17 29
18 19
19 20
20 21
21 30
21 48
22 23
23 24
24 25
25 26
26 27
27 28
28 29
30 31
31 32
32 33
33 34
34 35
35 36
36 37
37 38
38 39
39 40
40 41
41 42
42 43
43 44
44 45
45 46
46 47
47 48
31 32
1 2
1 3
1 5
1 6
2 4
2 8
3 9
4 7
4 11
4 12
7 10
10 14
10 21
11 13
11 22
11 23
14 15
15 16
16 17
17 18
18 19
19 20
20 21
22 25
23 24
25 26
25 31
26 27
27 28
28 29
29 30
30 31
32 35
1 2
1 6
2 3
3 4
3 13
3 17
3 18
3 32
4 5
4 7
4 12
5 6
7 8
8 9
9 10
10 11
11 12
13 14
14 15
15 16
16 17
18 19
19 20
20 21
21 22
22 23
23 24
24 25
25 26
26 27
27 28
28 29
29 30
30 31
31 32
37 38
1 2
1 4
1 11
1 15
2 3
2 8
3 13
3 18
4 5
4 6
4 7
6 20
7 14
8 9
8 10
8 12
10 17
11 19
12 16
15 21
15 27
17 28
17 37
21 22
22 23
23 24
24 25
25 26
26 27
28 29
29 30
30 31
31 32
32 33
33 34
34 35
35 36
36 37
41 43
1 2
1 12
2 3
2 21
2 41
3 4
4 5
5 6
6 7
7 8
8 9
9 10
10 11
11 12
11 13
11 20
13 14
14 15
15 16
16 17
17 18
18 19
19 20
21 22
22 23
23 24
24 25
25 26
26 27
27 28
28 29
29 30
30 31
31 32
32 33
33 34
34 35
35 36
36 37
37 38
38 39
39 40
40 41
31 33
1 2
1 6
2 3
2 7
2 27
3 4
4 5
5 6
7 8
8 9
8 28
8 31
9 10
10 11
11 12
12 13
13 14
14 15
15 16
16 17
17 18
18 19
19 20
20 21
21 22
22 23
23 24
24 25
25 26
26 27
28 29
29 30
30 31
34 36
1 2
1 11
2 3
3 4
3 12
4 5
4 14
4 17
5 6
6 7
7 8
8 9
9 10
10 11
12 13
12 18
12 23
14 15
15 16
16 17
18 19
19 20
19 24
19 25
19 31
20 21
21 22
22 23
24 26
25 27
25 28
27 29
27 30
28 32
30 33
32 34
35 37
1 2
1 3
2 3
2 4
2 9
3 10
3 17
4 5
5 6
6 7
7 8
8 9
10 11
11 12
12 13
13 14
14 15
15 16
15 18
15 34
16 17
18 19
18 24
18 30
18 33
19 20
19 21
19 25
20 22
20 35
21 27
22 23
22 26
22 28
23 32
26 31
27 29
31 32
1 2
1 19
1 20
1 31
2 3
3 4
4 5
5 6
6 7
7 8
8 9
9 10
10 11
11 12
12 13
13 14
14 15
15 16
16 17
17 18
18 19
20 21
21 22
22 23
23 24
24 25
25 26
26 27
27 28
28 29
29 30
30 31
30 30
1 2
1 3
1 8
2 4
2 11
3 5
3 6
3 10
4 13
5 7
8 9
8 15
11 12
11 19
11 20
11 21
11 22
11 24
11 26
12 14
12 16
12 18
16 17
17 18
21 23
21 25
21 29
21 30
25 27
26 28
31 34
1 2
1 3
1 7
1 17
2 4
2 5
2 6
5 6
6 29
6 31
7 8
8 9
9 10
10 11
11 12
12 13
12 18
12 28
13 14
14 15
15 16
16 17
18 19
19 20
20 21
21 22
22 23
23 24
24 25
25 26
26 27
27 28
29 30
30 31
34 36
1 2
1 17
2 3
3 4
3 18
3 23
4 5
5 6
6 7
7 8
8 9
9 10
10 11
11 12
12 13
13 14
14 15
15 16
16 17
18 19
18 24
18 34
19 20
20 21
21 22
22 23
24 25
25 26
26 27
27 28
28 29
29 30
30 31
31 32
32 33
33 34
39 41
1 2
2 3
2 5
3 4
3 6
6 7
6 10
7 8
8 9
8 11
8 21
9 10
11 12
12 13
13 14
14 15
15 16
16 17
17 18
18 19
18 22
18 39
19 20
20 21
22 23
23 24
24 25
25 26
26 27
27 28
28 29
29 30
30 31
31 32
32 33
33 34
34 35
35 36
36 37
37 38
38 39
45 47
1 2
1 6
2 3
2 27
2 45
3 4
4 5
4 17
4 24
5 6
6 7
6 16
7 8
8 9
9 10
10 11
11 12
12 13
13 14
14 15
15 16
17 18
17 19
17 20
17 21
17 22
19 23
20 25
22 26
27 28
28 29
29 30
30 31
31 32
32 33
33 34
34 35
35 36
36 37
37 38
38 39
39 40
40 41
41 42
42 43
43 44
44 45
57 59
1 2
1 17
2 3
3 4
4 5
5 6
6 7
7 8
8 9
9 10
10 11
11 12
11 18
11 37
12 13
13 14
14 15
15 16
16 17
18 19
19 20
20 21
21 22
22 23
23 24
24 25
25 26
26 27
26 38
26 57
27 28
28 29
29 30
30 31
31 32
32 33
33 34
34 35
35 36
36 37
38 39
39 40
40 41
41 42
42 43
43 44
44 45
45 46
46 47
47 48
48 49
49 50
50 51
51 52
52 53
53 54
54 55
55 56
56 57
40 43
1 2
1 17
2 3
3 4
4 5
5 6
6 7
7 8
7 18
7 19
7 20
7 29
8 9
9 10
10 11
11 12
12 13
13 14
14 15
15 16
16 17
18 19
20 21
20 30
20 40
21 22
22 23
23 24
24 25
25 26
26 27
27 28
28 29
30 31
31 32
32 33
33 34
34 35
35 36
36 37
37 38
38 39
39 40
51 54
1 2
1 8
1 20
2 3
3 4
3 5
5 6
5 7
7 40
7 51
8 9
9 10
10 11
11 12
12 13
12 21
12 30
13 14
14 15
15 16
16 17
17 18
18 19
19 20
19 31
19 39
21 22
22 23
23 24
24 25
25 26
26 27
27 28
28 29
29 30
31 32
32 33
33 34
34 35
35 36
36 37
37 38
38 39
40 41
41 42
42 43
43 44
44 45
45 46
46 47
47 48
48 49
49 50
50 51
44 45
1 2
1 22
2 3
3 4
4 5
5 6
6 7
7 8
8 9
9 10
10 11
11 12
12 13
13 14
14 15
15 16
16 17
17 18
18 19
18 33
19 20
19 23
19 32
20 21
21 22
23 24
24 25
25 26
26 27
27 28
28 29
29 30
30 31
31 32
33 34
33 36
34 35
34 38
34 44
35 37
37 39
37 42
37 43
38 40
39 41
44 44
1 2
1 4
1 9
1 10
1 16
2 3
2 24
2 25
2 26
2 29
2 31
3 5
3 7
4 6
6 8
9 11
9 13
10 14
10 23
11 12
12 15
12 20
14 18
14 22
16 17
18 19
20 21
22 37
22 44
24 27
25 30
27 28
27 32
29 35
29 36
30 33
32 34
37 38
38 39
39 40
40 41
41 42
42 43
43 44
42 45
1 2
1 11
2 3
3 4
3 23
3 25
3 31
3 32
3 41
4 5
4 12
4 22
5 6
6 7
7 8
8 9
9 10
10 11
12 13
13 14
14 15
15 16
16 17
16 26
16 30
17 18
18 19
19 20
20 21
21 22
23 24
24 25
26 27
27 28
28 29
29 30
31 34
31 37
32 33
32 35
32 40
33 42
34 36
35 38
36 39
50 52
1 2
1 3
1 11
2 4
2 5
2 6
2 9
2 12
2 24
3 8
4 7
6 10
12 13
13 14
14 15
15 16
16 17
17 18
18 19
19 20
20 21
21 22
22 23
23 24
23 39
23 50
24 25
24 38
25 26
26 27
27 28
28 29
29 30
30 31
31 32
32 33
33 34
34 35
35 36
36 37
37 38
39 40
40 41
41 42
42 43
43 44
44 45
45 46
46 47
47 48
48 49
49 50
46 49
1 2
1 5
2 3
3 4
4 5
4 6
4 22
6 7
7 8
8 9
9 10
10 11
11 12
12 13
13 14
14 15
15 16
16 17
17 18
18 19
19 20
20 21
20 32
20 46
21 22
22 23
22 31
23 24
24 25
25 26
26 27
27 28
28 29
29 30
30 31
32 33
33 34
34 35
35 36
36 37
37 38
38 39
39 40
40 41
41 42
42 43
43 44
44 45
45 46
41 45
1 2
1 6
2 3
3 4
3 7
3 18
4 5
5 6
7 8
8 9
8 40
8 41
9 10
10 11
11 12
12 13
12 19
12 20
13 14
14 15
15 16
16 17
17 18
19 20
20 21
20 39
21 22
22 23
23 24
24 25
25 26
26 27
27 28
28 29
29 30
30 31
31 32
32 33
33 34
34 35
35 36
36 37
37 38
38 39
40 41
42 45
1 2
1 10
1 11
1 25
2 3
3 4
4 5
5 6
6 7
7 8
8 9
9 10
11 12
11 26
11 28
11 29
11 30
12 13
13 14
14 15
15 16
16 17
17 18
17 32
17 38
18 19
19 20
20 21
21 22
22 23
23 24
24 25
26 27
26 31
29 39
29 42
32 33
33 34
34 35
35 36
36 37
37 38
39 40
40 41
41 42
41 43
1 2
1 9
1 10
1 11
1 12
1 13
1 18
2 3
2 35
2 41
3 4
4 5
5 6
6 7
7 8
7 23
7 34
8 9
10 15
11 14
13 17
14 16
16 19
16 20
16 21
16 22
23 24
24 25
25 26
26 27
27 28
28 29
29 30
30 31
31 32
32 33
33 34
35 36
36 37
37 38
38 39
39 40
40 41
42 45
1 2
1 3
2 3
2 4
2 15
4 5
5 6
5 16
5 36
6 7
7 8
8 9
9 10
10 11
11 12
12 13
13 14
14 15
16 17
17 18
18 19
19 20
20 21
20 40
21 22
22 23
23 24
24 25
25 26
26 27
27 28
28 29
29 30
30 31
31 32
32 33
32 37
32 39
33 34
34 35
35 36
37 38
38 39
40 41
41 42
41 46
1 2
1 6
2 3
2 17
2 25
3 4
3 7
3 16
3 39
3 41
4 5
4 36
4 38
5 6
7 8
8 9
9 10
10 11
11 12
11 26
11 35
12 13
13 14
14 15
15 16
17 18
18 19
19 20
20 21
21 22
22 23
23 24
24 25
26 27
27 28
28 29
29 30
30 31
31 32
32 33
33 34
34 35
36 37
37 38
39 40
40 41
43 43
1 2
1 10
2 3
2 4
2 5
3 6
3 13
5 8
6 7
6 9
7 11
8 15
9 12
9 14
9 17
13 18
13 38
14 16
18 19
19 20
20 21
21 22
22 23
23 24
24 25
25 26
26 27
27 28
28 29
28 39
28 40
29 30
30 31
31 32
32 33
33 34
34 35
35 36
36 37
37 38
39 42
40 41
42 43
55 58
1 2
1 6
2 3
3 4
4 5
5 6
5 7
5 17
7 8
8 9
9 10
10 11
10 25
10 26
11 12
12 13
13 14
14 15
15 16
16 17
17 18
17 24
18 19
19 20
20 21
21 22
21 35
21 55
22 23
23 24
25 27
26 28
26 29
26 33
26 34
27 32
28 30
28 31
35 36
36 37
37 38
38 39
39 40
40 41
41 42
42 43
43 44
44 45
45 46
46 47
47 48
48 49
49 50
50 51
51 52
52 53
53 54
54 55
42 44
1 2
1 3
3 4
3 6
3 8
3 22
4 5
6 7
8 9
9 10
10 11
11 12
12 13
13 14
14 15
15 16
16 17
16 23
16 36
17 18
18 19
19 20
20 21
21 22
23 24
24 25
24 37
24 42
25 26
26 27
27 28
28 29
29 30
30 31
31 32
32 33
33 34
34 35
35 36
37 38
38 39
39 40
40 41
41 42
46 48
1 2
1 3
2 3
2 4
2 23
4 5
5 6
6 7
7 8
8 9
9 10
10 11
11 12
12 13
13 14
14 15
15 16
15 37
15 38
15 39
15 40
16 17
17 18
17 24
17 36
18 19
19 20
20 21
21 22
22 23
24 25
25 26
26 27
27 28
28 29
29 30
30 31
31 32
32 33
33 34
34 35
35 36
37 43
39 45
39 46
40 41
40 42
43 44
42 45
1 2
1 17
2 3
3 4
3 20
4 5
5 6
6 7
7 8
8 9
9 10
10 11
11 12
12 13
13 14
14 15
15 16
16 17
16 18
16 19
18 19
20 21
20 22
22 23
22 25
23 24
25 26
25 36
26 27
27 28
28 29
29 30
30 31
30 37
30 42
31 32
32 33
33 34
34 35
35 36
37 38
38 39
39 40
40 41
41 42
42 44
1 2
1 3
1 7
1 10
1 12
2 4
2 5
2 9
2 15
3 6
5 8
5 14
5 30
5 39
6 13
6 16
7 11
7 17
7 18
10 19
10 26
19 20
20 21
21 22
22 23
23 24
23 40
23 42
24 25
25 26
26 27
27 28
27 29
30 31
31 32
32 33
33 34
34 35
35 36
36 37
37 38
38 39
40 41
41 42
40 41
1 2
1 20
2 3
2 21
2 22
2 23
2 25
3 4
4 5
5 6
6 7
7 8
8 9
9 10
10 11
11 12
12 13
13 14
13 30
13 32
14 15
15 16
16 17
17 18
18 19
19 20
23 24
23 27
23 28
25 26
28 29
28 34
28 40
30 31
32 33
34 35
35 36
36 37
37 38
38 39
39 40
54 53
1 2
1 3
1 9
2 6
2 7
3 4
3 10
3 11
4 5
7 8
7 13
7 14
7 16
7 19
8 31
8 32
8 34
8 37
8 39
10 12
13 24
14 15
15 17
15 18
15 27
16 20
16 22
17 21
18 30
20 25
21 26
22 23
25 28
28 29
31 33
32 40
33 35
33 38
34 41
35 36
35 47
36 44
38 42
38 46
39 43
42 45
46 48
46 49
46 51
46 52
46 53
48 50
51 54
52 55
1 2
1 6
2 3
3 4
3 7
3 27
4 5
5 6
7 8
8 9
9 10
10 11
11 12
11 28
11 39
12 13
13 14
14 15
15 16
16 17
17 18
18 19
19 20
20 21
21 22
22 23
23 24
23 40
23 52
24 25
25 26
26 27
28 29
29 30
30 31
31 32
32 33
33 34
34 35
35 36
36 37
37 38
38 39
40 41
41 42
42 43
43 44
44 45
45 46
46 47
47 48
48 49
49 50
50 51
51 52
54 56
1 2
1 14
1 15
1 35
2 3
3 4
4 5
5 6
6 7
6 36
6 54
7 8
8 9
9 10
10 11
11 12
12 13
13 14
15 16
16 17
17 18
18 19
19 20
20 21
21 22
22 23
23 24
24 25
25 26
26 27
27 28
28 29
29 30
30 31
31 32
32 33
33 34
34 35
36 37
37 38
38 39
39 40
40 41
41 42
42 43
43 44
44 45
45 46
46 47
47 48
48 49
49 50
50 51
51 52
52 53
53 54
55 57
1 2
1 5
2 3
2 9
2 25
3 4
4 7
4 8
5 6
9 10
9 26
9 40
10 11
11 12
12 13
13 14
14 15
15 16
16 17
17 18
18 19
19 20
20 21
21 22
22 23
23 24
24 25
26 27
27 28
28 29
29 30
30 31
31 32
32 33
33 34
34 35
35 36
35 41
35 55
36 37
37 38
38 39
39 40
41 42
42 43
43 44
44 45
45 46
46 47
47 48
48 49
49 50
50 51
51 52
52 53
53 54
54 55
56 59
1 2
1 12
2 3
3 4
4 5
5 6
6 7
7 8
8 9
9 10
10 11
10 13
10 23
11 12
13 14
14 15
15 16
16 17
17 18
18 19
19 20
20 21
20 24
20 41
20 42
20 56
21 22
22 23
24 25
25 26
26 27
27 28
28 29
29 30
30 31
31 32
32 33
33 34
34 35
35 36
36 37
37 38
38 39
39 40
40 41
42 43
43 44
44 45
45 46
46 47
47 48
48 49
49 50
50 51
51 52
52 53
53 54
54 55
55 56
65 69
1 2
1 10
2 3
3 4
4 5
4 49
4 65
5 6
6 7
7 8
8 9
9 10
9 13
9 28
10 11
10 12
11 12
13 14
14 15
15 16
16 17
17 18
18 19
18 29
18 42
19 20
20 21
21 22
21 43
21 44
22 23
23 24
24 25
25 26
26 27
27 28
29 30
30 31
30 45
30 47
31 32
32 33
33 34
34 35
35 36
36 37
37 38
38 39
39 40
40 41
41 42
45 46
46 48
49 50
50 51
51 52
52 53
53 54
54 55
55 56
56 57
57 58
58 59
59 60
60 61
61 62
62 63
63 64
64 65
50 56
1 2
1 7
2 3
3 4
4 5
4 8
4 9
4 10
4 17
5 6
6 7
8 9
9 36
9 45
10 11
11 12
12 13
13 14
13 24
13 35
14 15
15 16
15 18
15 23
16 17
18 19
19 20
20 21
21 22
22 23
24 25
24 46
24 50
25 26
26 27
27 28
28 29
29 30
30 31
31 32
32 33
33 34
34 35
36 37
37 38
38 39
39 40
40 41
41 42
42 43
43 44
44 45
46 47
47 48
48 49
49 50
58 61
1 2
1 16
2 3
3 4
4 5
5 6
5 17
5 35
6 7
7 8
8 9
9 10
10 11
11 12
12 13
13 14
14 15
15 16
17 18
18 19
19 20
20 21
21 22
22 23
23 24
24 25
24 44
24 58
25 26
26 27
27 28
28 29
29 30
30 31
31 32
31 36
31 43
32 33
33 34
34 35
36 37
37 38
38 39
39 40
40 41
41 42
42 43
44 45
45 46
46 47
47 48
48 49
49 50
50 51
51 52
52 53
53 54
54 55
55 56
56 57
57 58
56 61
1 2
1 14
2 3
3 4
4 5
5 6
6 7
7 8
8 9
9 10
9 15
9 33
10 11
11 12
11 36
11 38
11 39
11 48
12 13
13 14
15 16
16 17
17 18
18 19
18 49
18 56
19 20
20 21
21 22
22 23
23 24
24 25
25 26
26 27
27 28
28 29
29 30
30 31
31 32
32 33
33 34
33 35
34 35
36 37
37 38
39 40
40 41
41 42
42 43
43 44
44 45
45 46
46 47
47 48
49 50
50 51
51 52
52 53
53 54
54 55
55 56
51 52
1 2
1 18
2 3
3 4
4 5
5 6
6 7
7 8
8 9
9 10
9 19
9 26
9 39
9 51
10 11
11 12
12 13
13 14
14 15
15 16
16 17
17 18
19 20
19 27
19 31
20 21
21 22
21 24
22 23
23 25
23 32
23 34
25 28
25 29
25 35
25 38
26 30
29 33
32 37
34 36
39 40
40 41
41 42
42 43
43 44
44 45
45 46
46 47
47 48
48 49
49 50
50 51
55 59
1 2
1 12
2 3
3 4
4 5
5 6
5 13
5 17
6 7
6 18
6 27
7 8
8 9
9 10
10 11
11 12
13 14
14 15
15 16
16 17
18 19
19 20
19 28
19 32
20 21
21 22
22 23
22 41
22 55
23 24
24 25
25 26
26 27
28 29
29 30
30 31
31 32
32 33
32 35
33 34
34 36
34 39
35 37
35 38
37 40
41 42
42 43
43 44
44 45
45 46
46 47
47 48
48 49
49 50
50 51
51 52
52 53
53 54
54 55
68 70
1 2
1 4
1 5
1 6
1 9
1 15
1 36
1 38
1 39
1 40
2 3
4 12
5 7
5 13
5 17
6 8
6 16
7 11
8 10
9 18
9 35
12 14
18 19
19 20
20 21
21 22
22 23
23 24
24 25
25 26
26 27
27 28
28 29
28 46
28 48
29 30
30 31
31 32
32 33
32 49
32 68
33 34
34 35
36 37
36 41
36 45
38 42
42 43
43 44
46 47
47 48
49 50
50 51
51 52
52 53
53 54
54 55
55 56
56 57
57 58
58 59
59 60
60 61
61 62
62 63
63 64
64 65
65 66
66 67
67 68
55 58
1 2
1 8
2 3
3 4
4 5
5 6
6 7
7 8
8 9
8 37
8 38
8 45
9 10
9 46
9 55
10 11
11 12
12 13
13 14
14 15
15 16
16 17
17 18
18 19
19 20
20 21
21 22
22 23
23 24
24 25
25 26
26 27
27 28
28 29
29 30
30 31
31 32
32 33
33 34
34 35
35 36
36 37
38 39
39 40
40 41
41 42
42 43
43 44
44 45
46 47
47 48
48 49
49 50
50 51
51 52
52 53
53 54
54 55
56 58
1 2
1 3
1 4
1 5
2 10
3 7
4 6
4 8
4 11
7 9
9 12
9 24
11 36
11 46
12 13
13 14
14 15
15 16
16 17
17 18
18 19
19 20
20 21
21 22
22 23
23 24
23 25
23 35
25 26
26 27
27 28
28 29
29 30
30 31
30 47
30 48
31 32
32 33
33 34
34 35
36 37
37 38
38 39
39 40
40 41
41 42
42 43
43 44
44 45
45 46
47 51
48 49
48 52
48 55
49 50
52 53
52 56
53 54
52 53
1 2
1 3
1 10
1 12
1 13
1 15
1 17
1 19
1 24
2 4
2 6
2 29
2 35
3 5
3 8
3 11
6 7
6 9
12 14
12 18
12 23
13 16
15 21
15 36
15 52
16 28
17 26
17 27
19 20
21 22
21 25
29 30
30 31
31 32
32 33
33 34
34 35
36 37
37 38
38 39
39 40
40 41
41 42
42 43
43 44
44 45
45 46
46 47
47 48
48 49
49 50
50 51
51 52
51 53
1 2
1 20
2 3
3 4
4 5
5 6
6 7
6 30
6 31
6 33
7 8
8 9
9 10
10 11
11 12
12 13
13 14
14 15
15 16
16 17
17 18
17 21
17 29
18 19
19 20
21 22
22 23
23 24
24 25
25 26
26 27
27 28
28 29
30 32
30 36
30 37
32 34
32 35
36 38
36 51
38 39
39 40
40 41
41 42
42 43
43 44
44 45
45 46
46 47
47 48
48 49
49 50
50 51
50 52
1 2
1 5
1 33
1 37
1 38
2 3
3 4
3 6
3 25
4 5
6 7
7 8
8 9
9 10
10 11
11 12
12 13
13 14
14 15
15 16
16 17
17 18
18 19
19 20
19 26
19 32
20 21
21 22
22 23
23 24
24 25
26 27
27 28
28 29
29 30
30 31
31 32
33 34
33 39
34 35
34 36
34 50
35 42
36 40
37 41
37 46
38 49
41 43
41 44
43 45
43 47
44 48
53 56
1 2
1 18
2 3
3 4
3 19
3 20
3 22
3 23
4 5
5 6
6 7
7 8
8 9
8 42
8 49
9 10
10 11
11 12
12 13
13 14
14 15
15 16
16 17
17 18
18 37
18 41
19 21
19 25
19 50
19 53
20 33
22 24
22 31
22 32
23 26
23 27
23 29
24 30
25 28
27 34
32 36
34 35
37 38
38 39
39 40
40 41
42 43
43 44
44 45
45 46
46 47
47 48
48 49
50 51
51 52
52 53
60 64
1 2
1 5
1 8
1 16
2 3
3 4
3 6
3 7
3 23
3 30
4 5
6 7
8 9
9 10
9 17
9 18
9 21
9 22
10 11
11 12
12 13
13 14
14 15
15 16
16 31
16 60
18 19
19 20
23 24
24 25
25 26
26 27
27 28
28 29
29 30
31 32
32 33
33 34
34 35
35 36
36 37
37 38
38 39
39 40
40 41
41 42
42 43
43 44
44 45
45 46
46 47
47 48
48 49
49 50
50 51
51 52
52 53
53 54
54 55
55 56
56 57
57 58
58 59
59 60
57 61
1 2
1 19
2 3
3 4
4 5
5 6
6 7
7 8
8 9
9 10
10 11
11 12
12 13
13 14
13 27
13 46
14 15
15 16
15 23
15 26
16 17
17 18
17 20
17 22
18 19
20 21
21 22
23 24
24 25
25 26
27 28
28 29
29 30
30 31
31 32
32 33
33 34
34 35
35 36
36 37
37 38
38 39
38 47
38 57
39 40
40 41
41 42
42 43
43 44
44 45
45 46
47 48
48 49
49 50
50 51
51 52
52 53
53 54
54 55
55 56
56 57
66 70
1 2
1 20
2 3
3 4
4 5
5 6
6 7
7 8
8 9
9 10
10 11
11 12
11 21
11 27
12 13
13 14
14 15
15 16
16 17
17 18
18 19
19 20
21 22
22 23
23 24
24 25
25 26
25 48
25 52
26 27
26 28
26 47
28 29
29 30
30 31
31 32
32 33
33 34
34 35
35 36
36 37
37 38
38 39
38 53
38 66
39 40
40 41
41 42
42 43
43 44
44 45
45 46
46 47
48 49
49 50
50 51
51 52
53 54
54 55
55 56
56 57
57 58
58 59
59 60
60 61
61 62
62 63
63 64
64 65
65 66
62 64
1 2
1 21
2 3
2 34
2 35
2 40
3 4
4 5
4 43
5 6
6 7
7 8
7 22
7 33
8 9
9 10
10 11
11 12
12 13
13 14
14 15
15 16
16 17
17 18
18 19
19 20
20 21
22 23
23 24
24 25
25 26
26 27
27 28
28 29
29 30
30 31
31 32
32 33
32 59
32 62
35 36
35 37
36 38
37 41
38 39
38 42
43 44
43 45
43 51
45 46
45 47
45 48
45 50
45 58
46 49
46 53
48 55
49 54
49 57
50 52
54 56
59 60
60 61
61 62
66 69
1 2
1 16
2 3
3 4
4 5
5 6
6 7
7 8
8 9
9 10
10 11
10 17
10 35
10 40
10 41
11 12
12 13
13 14
14 15
15 16
15 42
15 43
17 18
18 19
18 48
19 20
20 21
20 36
20 39
21 22
22 23
23 24
24 25
25 26
26 27
27 28
27 55
27 56
28 29
29 30
30 31
31 32
32 33
33 34
34 35
36 37
37 38
38 39
40 41
42 44
42 45
43 46
43 47
48 49
48 50
50 51
50 53
50 54
51 52
55 58
55 59
55 65
56 57
56 63
57 62
59 60
59 61
60 64
63 66
74 77
1 2
1 4
1 5
1 24
2 3
3 4
5 6
6 7
7 8
8 9
9 10
10 11
10 25
10 26
10 53
10 74
11 12
12 13
13 14
14 15
15 16
16 17
17 18
18 19
19 20
20 21
21 22
22 23
23 24
26 27
27 28
27 29
28 39
28 49
29 30
29 32
30 31
30 36
31 34
31 37
32 33
32 35
34 38
39 40
40 41
41 42
42 43
43 44
44 45
45 46
46 47
47 48
48 49
48 50
48 51
48 52
53 54
54 55
55 56
56 57
57 58
58 59
59 60
60 61
61 62
62 63
63 64
64 65
65 66
66 67
67 68
68 69
69 70
70 71
71 72
72 73
73 74
77 79
1 2
1 6
2 3
2 7
2 14
3 4
4 5
5 6
7 8
8 9
8 59
8 61
8 68
9 10
10 11
11 12
12 13
13 14
13 42
14 15
14 21
15 16
15 23
15 24
16 17
16 20
17 18
17 25
18 19
18 22
19 28
22 30
23 27
23 29
25 26
30 31
30 41
31 32
32 33
33 34
34 35
35 36
36 37
37 38
37 43
37 48
37 53
38 39
39 40
40 41
43 44
43 45
43 46
43 49
44 51
45 47
46 52
46 54
47 56
48 50
48 57
54 55
56 58
59 60
59 62
59 65
59 70
60 64
61 63
61 75
61 76
62 67
62 72
65 66
65 73
67 69
69 74
70 71
75 77
73 79
1 2
1 13
2 3
2 43
2 46
3 4
3 14
3 24
4 5
5 6
6 7
6 25
6 39
7 8
8 9
9 10
10 11
11 12
12 13
14 15
15 16
16 17
17 18
18 19
19 20
20 21
21 22
22 23
23 24
25 26
26 27
27 28
28 29
29 30
30 31
31 32
32 33
33 34
34 35
35 36
35 47
35 59
36 37
37 38
37 40
37 42
38 39
40 41
41 42
43 44
44 45
45 46
47 48
48 49
49 50
50 51
51 52
52 53
52 60
52 73
53 54
54 55
55 56
56 57
57 58
58 59
60 61
61 62
62 63
63 64
64 65
65 66
66 67
67 68
68 69
69 70
70 71
71 72
72 73
78 81
1 2
1 12
2 3
3 4
4 5
4 13
4 38
5 6
6 7
7 8
8 9
9 10
9 39
9 59
10 11
11 12
13 14
14 15
15 16
16 17
17 18
18 19
19 20
20 21
21 22
22 23
23 24
24 25
25 26
26 27
27 28
28 29
29 30
30 31
31 32
32 33
32 60
32 78
33 34
34 35
35 36
36 37
37 38
39 40
40 41
41 42
42 43
43 44
44 45
45 46
46 47
47 48
48 49
49 50
50 51
51 52
52 53
53 54
54 55
55 56
56 57
57 58
58 59
60 61
61 62
62 63
63 64
64 65
65 66
66 67
67 68
68 69
69 70
70 71
71 72
72 73
73 74
74 75
75 76
76 77
77 78
62 64
1 2
1 3
1 4
1 6
1 10
1 24
3 5
3 7
4 46
4 62
5 9
6 8
9 28
9 45
10 11
11 12
12 13
13 14
14 15
15 16
16 17
17 18
18 19
18 25
18 26
19 20
20 21
21 22
22 23
23 24
25 27
28 29
29 30
30 31
31 32
32 33
33 34
34 35
35 36
36 37
37 38
38 39
39 40
40 41
41 42
42 43
43 44
44 45
46 47
47 48
48 49
49 50
50 51
51 52
52 53
53 54
54 55
55 56
56 57
57 58
58 59
59 60
60 61
61 62
62 64
1 2
1 30
1 31
1 37
1 38
1 39
1 47
2 3
2 4
2 24
3 5
3 14
3 18
4 10
4 12
5 6
5 7
7 8
7 13
8 9
9 11
11 19
11 23
14 15
14 50
14 62
15 16
16 17
17 18
19 20
20 21
21 22
22 23
24 25
24 26
24 28
25 27
26 29
30 32
30 33
30 35
31 34
31 36
31 42
32 40
37 41
37 43
38 45
38 49
41 48
42 44
45 46
50 51
51 52
52 53
53 54
54 55
55 56
56 57
57 58
58 59
59 60
60 61
61 62
60 64
1 2
1 4
2 3
3 4
4 5
4 20
5 6
6 7
7 8
7 41
7 60
8 9
8 21
8 30
9 10
10 11
11 12
12 13
13 14
14 15
15 16
16 17
17 18
18 19
19 20
19 31
19 40
21 22
22 23
23 24
24 25
25 26
26 27
27 28
28 29
29 30
31 32
32 33
33 34
34 35
35 36
36 37
37 38
38 39
39 40
41 42
42 43
43 44
44 45
45 46
46 47
47 48
48 49
49 50
50 51
51 52
52 53
53 54
54 55
55 56
56 57
57 58
58 59
59 60
63 64
1 2
1 14
2 3
3 4
4 5
5 6
6 7
7 8
8 9
8 15
8 16
8 17
8 18
8 19
8 26
9 10
10 11
11 12
12 13
13 14
15 20
15 25
16 29
17 54
17 55
17 59
18 21
18 22
18 24
18 30
22 23
22 28
26 27
27 51
27 53
28 31
28 32
28 33
28 34
28 40
31 41
31 44
32 36
32 38
33 37
33 49
34 35
36 45
36 46
38 39
39 42
41 50
42 43
42 47
46 48
51 52
52 53
54 56
54 58
54 60
56 57
56 61
57 62
61 63
61 64
1 2
1 19
2 3
3 4
4 5
5 6
6 7
7 8
8 9
9 10
10 11
11 12
11 20
11 28
12 13
13 14
14 15
14 41
14 61
15 16
16 17
17 18
18 19
20 21
21 22
22 23
22 29
22 40
23 24
24 25
25 26
26 27
27 28
29 30
30 31
31 32
32 33
33 34
34 35
35 36
36 37
37 38
38 39
39 40
41 42
42 43
43 44
44 45
45 46
46 47
47 48
48 49
49 50
50 51
51 52
52 53
53 54
54 55
55 56
56 57
57 58
58 59
59 60
60 61
73 76
1 2
1 13
2 3
3 4
4 5
4 25
4 52
5 6
6 7
7 8
8 9
9 10
9 14
9 24
10 11
11 12
12 13
14 15
15 16
15 53
15 59
16 17
17 18
18 19
19 20
20 21
21 22
22 23
23 24
25 26
25 60
25 61
25 62
26 27
27 28
28 29
29 30
30 31
31 32
32 33
33 34
34 35
35 36
36 37
37 38
38 39
39 40
40 41
41 42
42 43
43 44
44 45
45 46
46 47
47 48
48 49
49 50
50 51
51 52
53 54
54 55
55 56
56 57
57 58
58 59
60 64
60 66
60 67
61 63
62 68
63 65
63 69
64 71
65 70
66 73
68 72
63 64
1 2
1 3
1 6
2 5
2 7
2 9
3 4
3 8
5 12
5 16
5 18
6 11
6 14
6 52
6 63
7 50
7 51
8 10
9 13
10 15
16 17
16 19
16 26
17 20
18 21
18 28
19 24
20 22
22 23
24 25
25 27
25 29
25 36
29 30
30 31
31 32
31 37
31 42
31 43
32 33
33 34
34 35
35 36
37 38
37 39
37 40
37 41
38 45
38 46
40 49
41 44
41 48
45 47
52 53
53 54
54 55
55 56
56 57
57 58
58 59
59 60
60 61
61 62
62 63
60 63
1 2
1 14
2 3
3 4
4 5
4 15
5 6
6 7
6 39
6 60
7 8
7 16
7 35
8 9
9 10
9 36
9 38
10 11
11 12
12 13
13 14
16 17
17 18
18 19
19 20
20 21
21 22
22 23
23 24
24 25
25 26
26 27
27 28
28 29
29 30
30 31
31 32
32 33
33 34
34 35
36 37
37 38
39 40
40 41
41 42
42 43
43 44
44 45
45 46
46 47
47 48
48 49
49 50
50 51
51 52
52 53
53 54
54 55
55 56
56 57
57 58
58 59
59 60
69 72
1 2
1 8
2 3
3 4
4 5
5 6
6 7
7 8
7 9
7 15
9 10
10 11
11 12
11 16
11 18
11 20
12 13
13 14
14 15
16 17
16 21
16 23
17 30
18 19
18 22
18 24
19 25
20 27
21 31
21 32
21 34
23 26
23 28
23 29
29 33
32 35
34 36
34 53
35 54
35 69
36 37
37 38
38 39
39 40
40 41
41 42
42 43
43 44
44 45
45 46
46 47
47 48
48 49
49 50
50 51
51 52
52 53
54 55
55 56
56 57
57 58
58 59
59 60
60 61
61 62
62 63
63 64
64 65
65 66
66 67
67 68
68 69
67 71
1 2
1 9
2 3
3 4
4 5
5 6
6 7
7 8
7 25
7 38
7 55
7 57
7 59
7 63
8 9
8 10
8 24
10 11
11 12
12 13
13 14
14 15
15 16
16 17
16 39
16 41
16 42
17 18
18 19
19 20
20 21
21 22
22 23
23 24
23 49
23 54
25 26
26 27
27 28
28 29
29 30
30 31
31 32
32 33
33 34
34 35
35 36
36 37
37 38
39 40
40 41
42 43
43 44
43 45
43 46
46 47
47 48
49 50
50 51
51 52
52 53
53 54
55 56
55 58
57 60
57 61
58 62
58 67
59 64
60 65
60 66
68 72
1 2
1 4
1 8
1 9
1 11
2 3
2 5
2 7
4 6
4 10
6 12
6 15
6 19
6 35
8 36
8 54
12 13
13 14
14 15
14 16
14 18
16 17
17 18
19 20
20 21
21 22
22 23
22 55
22 68
23 24
24 25
25 26
26 27
27 28
28 29
29 30
30 31
31 32
32 33
33 34
34 35
36 37
37 38
38 39
39 40
40 41
41 42
42 43
43 44
44 45
45 46
46 47
47 48
48 49
49 50
50 51
51 52
52 53
53 54
55 56
56 57
57 58
58 59
59 60
60 61
61 62
62 63
63 64
64 65
65 66
66 67
67 68
68 70
1 2
1 5
1 6
1 9
2 3
3 4
6 7
6 8
7 12
7 16
8 10
8 14
10 11
10 13
10 17
10 18
10 36
11 15
18 19
19 20
20 21
21 22
22 23
23 24
24 25
24 37
24 48
25 26
26 27
27 28
28 29
29 30
30 31
31 32
32 33
33 34
34 35
35 36
37 38
38 39
39 40
40 41
41 42
42 43
43 44
44 45
45 46
46 47
47 48
47 49
47 68
49 50
50 51
51 52
52 53
53 54
54 55
55 56
56 57
57 58
58 59
59 60
60 61
61 62
62 63
63 64
64 65
65 66
66 67
67 68
66 66
1 2
1 6
2 3
3 4
3 9
4 5
4 7
4 10
4 12
4 13
4 15
4 16
5 8
8 11
13 14
13 17
13 25
14 27
14 34
14 36
14 37
16 24
17 18
17 19
18 22
18 29
18 43
19 20
19 21
20 26
21 23
22 28
22 30
23 48
23 66
24 44
27 31
29 32
29 33
30 39
30 40
31 41
31 46
33 35
36 38
38 42
41 45
45 47
48 49
49 50
50 51
51 52
52 53
53 54
54 55
55 56
56 57
57 58
58 59
59 60
60 61
61 62
62 63
63 64
64 65
65 66
73 76
1 2
1 19
1 20
1 38
2 3
3 4
4 5
5 6
6 7
7 8
8 9
9 10
10 11
11 12
12 13
13 14
14 15
15 16
15 53
15 73
16 17
17 18
18 19
20 21
21 22
22 23
22 39
22 52
23 24
24 25
25 26
26 27
27 28
28 29
29 30
30 31
31 32
32 33
33 34
34 35
35 36
36 37
37 38
39 40
40 41
41 42
42 43
43 44
44 45
45 46
46 47
47 48
48 49
49 50
50 51
51 52
53 54
54 55
55 56
56 57
57 58
58 59
59 60
60 61
61 62
62 63
63 64
64 65
65 66
66 67
67 68
68 69
69 70
70 71
71 72
72 73
75 75
1 2
1 5
1 6
1 7
1 8
2 3
2 4
2 14
3 9
4 13
4 20
5 11
5 24
6 23
7 16
7 32
8 12
9 10
9 21
10 26
12 18
12 27
13 15
15 22
15 30
16 17
16 19
16 33
18 25
22 31
24 29
25 28
29 60
29 64
29 68
33 34
34 35
34 59
35 36
36 37
37 38
38 39
39 40
40 41
41 42
42 43
43 44
44 45
45 46
46 47
47 48
48 49
49 50
50 51
51 52
52 53
53 54
54 55
55 56
56 57
57 58
58 59
60 61
60 70
61 62
61 63
61 66
63 65
63 69
65 67
65 75
66 72
67 71
67 74
72 73
71 74
1 2
1 21
2 3
3 4
4 5
5 6
6 7
7 8
8 9
9 10
10 11
11 12
11 22
11 40
12 13
13 14
14 15
15 16
16 17
17 18
18 19
19 20
20 21
22 23
23 24
24 25
25 26
26 27
27 28
28 29
29 30
30 31
31 32
32 33
33 34
34 35
34 59
34 71
35 36
35 41
35 58
36 37
37 38
38 39
39 40
41 42
42 43
43 44
44 45
45 46
46 47
47 48
48 49
49 50
50 51
51 52
52 53
53 54
54 55
55 56
56 57
57 58
59 60
60 61
61 62
62 63
63 64
64 65
65 66
66 67
67 68
68 69
69 70
70 71
70 75
1 2
1 9
2 3
3 4
4 5
5 6
6 7
7 8
7 30
7 35
8 9
9 10
9 13
10 11
11 12
12 13
13 14
13 29
14 15
15 16
16 17
17 18
18 19
18 36
18 43
19 20
20 21
21 22
22 23
23 24
24 25
25 26
26 27
27 28
28 29
30 31
31 32
32 33
33 34
34 35
36 37
37 38
38 39
39 40
40 41
40 44
40 52
41 42
42 43
44 45
45 46
46 47
47 48
48 49
49 50
50 51
51 52
51 53
51 55
51 56
53 54
53 62
53 67
53 70
54 61
54 64
55 57
56 58
56 68
57 59
58 60
58 63
62 66
63 65
66 69
77 81
1 2
1 3
2 4
2 5
2 6
4 7
4 10
5 11
6 8
6 12
6 29
7 9
7 55
7 61
7 62
12 13
13 14
13 42
13 48
14 15
15 16
16 17
17 18
18 19
19 20
19 30
19 41
20 21
21 22
22 23
23 24
24 25
25 26
26 27
27 28
28 29
30 31
31 32
32 33
33 34
34 35
35 36
36 37
37 38
38 39
39 40
39 49
39 54
40 41
42 43
43 44
44 45
45 46
46 47
47 48
49 50
50 51
51 52
52 53
53 54
55 56
55 57
55 58
55 60
56 59
58 63
58 77
63 64
64 65
65 66
66 67
67 68
68 69
69 70
70 71
71 72
72 73
73 74
74 75
75 76
76 77
71 73
1 2
1 3
2 4
2 5
2 6
2 33
2 34
3 8
3 9
4 7
7 10
7 58
7 71
9 11
9 12
11 13
11 14
13 18
13 35
13 44
14 15
14 16
14 19
14 20
14 22
14 28
16 17
17 23
17 29
19 21
19 45
20 24
23 25
24 26
24 31
26 27
27 30
28 32
33 34
35 36
36 37
37 38
38 39
39 40
40 41
41 42
42 43
42 49
42 57
43 44
45 46
45 47
45 48
49 50
49 52
49 53
50 51
52 55
52 56
53 54
58 59
59 60
60 61
61 62
62 63
63 64
64 65
65 66
66 67
67 68
68 69
69 70
70 71
81 86
1 2
1 7
2 3
3 4
4 5
4 8
4 15
5 6
6 7
8 9
9 10
10 11
11 12
12 13
13 14
13 16
13 23
14 15
14 24
14 27
16 17
17 18
18 19
19 20
20 21
21 22
22 23
24 25
25 26
26 27
27 28
27 48
28 29
29 30
30 31
31 32
32 33
33 34
34 35
35 36
36 37
37 38
37 49
37 60
38 39
39 40
40 41
41 42
42 43
43 44
44 45
45 46
46 47
47 48
49 50
49 52
50 51
50 53
50 55
50 63
52 54
52 62
55 56
55 57
55 64
56 58
56 59
57 61
60 66
60 81
62 65
66 67
67 68
68 69
69 70
70 71
71 72
72 73
73 74
74 75
75 76
76 77
77 78
78 79
79 80
80 81
71 77
1 2
1 10
2 3
3 4
4 5
5 6
6 7
7 8
7 51
7 52
8 9
9 10
10 11
11 12
11 13
11 65
11 71
12 14
13 15
13 34
15 16
15 45
15 47
16 17
17 18
18 19
19 20
20 21
21 22
22 23
23 24
24 25
24 35
24 44
25 26
26 27
27 28
28 29
29 30
30 31
31 32
32 33
33 34
35 36
36 37
37 38
38 39
39 40
40 41
41 42
42 43
43 44
44 48
44 50
45 46
46 47
47 53
47 55
47 61
48 49
49 50
51 52
53 54
53 64
55 56
56 57
56 58
58 59
58 60
61 62
61 63
65 66
66 67
67 68
68 69
69 70
70 71
79 83
1 2
1 18
2 3
3 4
4 5
5 6
5 45
5 47
6 7
7 8
8 9
9 10
10 11
10 19
10 22
11 12
11 36
11 44
12 13
13 14
14 15
14 65
14 79
15 16
16 17
17 18
19 20
19 23
19 30
20 21
20 24
21 26
21 32
21 52
21 58
21 59
21 64
22 27
23 25
24 28
24 29
25 31
28 34
28 35
29 33
36 37
37 38
38 39
39 40
40 41
41 42
42 43
43 44
45 46
46 49
47 48
49 50
50 51
52 53
53 54
54 55
55 56
56 57
57 58
59 60
60 61
61 62
62 63
63 64
65 66
66 67
67 68
68 69
69 70
70 71
71 72
72 73
73 74
74 75
75 76
76 77
77 78
78 79
79 86
1 2
1 8
2 3
3 4
4 5
5 6
5 29
5 34
6 7
6 9
6 28
7 8
9 10
10 11
10 69
10 79
11 12
12 13
13 14
14 15
15 16
16 17
17 18
18 19
18 35
18 48
19 20
20 21
20 58
20 68
21 22
22 23
23 24
24 25
24 49
24 52
25 26
26 27
27 28
29 30
30 31
31 32
32 33
33 34
35 36
36 37
37 38
38 39
39 40
40 41
40 53
40 57
41 42
42 43
43 44
44 45
45 46
46 47
47 48
49 50
50 51
51 52
53 54
54 55
55 56
56 57
58 59
59 60
60 61
61 62
62 63
63 64
64 65
65 66
66 67
67 68
69 70
70 71
71 72
72 73
73 74
74 75
75 76
76 77
77 78
78 79
70 74
1 2
1 9
1 10
1 13
1 14
1 20
2 3
3 4
4 5
5 6
6 7
7 8
8 9
10 11
11 12
11 21
11 61
12 13
14 15
15 16
16 17
17 18
18 19
19 20
21 22
22 23
23 24
24 25
25 26
25 66
25 70
26 27
27 28
28 29
29 30
30 31
31 32
31 62
31 65
32 33
33 34
34 35
35 36
36 37
37 38
38 39
39 40
40 41
41 42
42 43
43 44
44 45
45 46
46 47
47 48
48 49
49 50
50 51
51 52
52 53
53 54
54 55
55 56
56 57
57 58
58 59
59 60
60 61
62 63
63 64
64 65
66 67
66 68
68 69
70 74
1 2
1 8
2 3
3 4
4 5
5 6
5 9
5 23
6 7
7 8
9 10
10 11
11 12
12 13
13 14
14 15
15 16
15 24
15 38
16 17
17 18
18 19
19 20
20 21
21 22
22 23
24 25
25 26
26 27
27 28
28 29
29 30
30 31
31 32
32 33
33 34
34 35
35 36
35 39
35 41
36 37
37 38
38 43
38 44
38 47
38 50
39 40
40 42
43 45
44 46
44 49
46 51
47 48
47 52
51 53
53 54
53 55
54 56
54 66
56 57
57 58
58 59
59 60
60 61
61 62
62 63
62 67
62 70
63 64
64 65
65 66
67 68
68 69
69 70
73 80
1 2
1 6
2 3
2 4
4 5
6 7
6 24
7 8
8 9
9 10
10 11
11 12
12 13
13 14
14 15
15 16
16 17
16 40
16 47
17 18
18 19
18 25
18 39
18 48
18 51
19 20
20 21
21 22
22 23
23 24
25 26
26 27
27 28
28 29
29 30
30 31
31 32
32 33
33 34
34 35
35 36
36 37
37 38
38 39
38 52
38 53
40 41
41 42
41 54
41 67
42 43
43 44
44 45
45 46
46 47
48 49
49 50
50 51
52 53
54 55
55 56
56 57
57 58
57 68
57 69
58 59
58 70
58 73
59 60
60 61
61 62
62 63
63 64
64 65
65 66
66 67
68 69
70 71
71 72
72 73
72 78
1 2
1 12
2 3
3 4
4 5
5 6
5 13
5 26
6 7
7 8
7 39
7 50
8 9
9 10
9 31
9 32
10 11
11 12
13 14
14 15
14 33
14 34
14 35
15 16
16 17
17 18
17 27
17 30
18 19
18 69
18 72
19 20
20 21
21 22
22 23
23 24
24 25
25 26
27 28
28 29
29 30
31 32
33 36
36 37
36 38
39 40
40 41
41 42
42 43
43 44
44 45
45 46
46 47
47 48
48 49
49 50
49 51
49 68
51 52
52 53
53 54
54 55
55 56
56 57
57 58
58 59
59 60
60 61
61 62
62 63
63 64
64 65
65 66
66 67
67 68
69 70
70 71
71 72
82 87
1 2
1 10
2 3
2 45
2 49
3 4
4 5
5 6
6 7
7 8
8 9
8 41
8 42
9 10
9 11
9 19
10 69
10 70
10 71
10 75
10 79
11 12
11 13
12 14
13 15
13 16
14 18
14 35
14 40
15 43
15 44
16 17
18 20
19 52
19 68
20 21
20 23
20 24
21 22
21 27
22 26
23 25
23 31
23 34
25 29
26 28
26 30
31 32
32 33
33 34
35 36
36 37
37 38
38 39
39 40
41 42
43 44
45 46
46 47
47 48
48 50
50 51
52 53
53 54
54 55
55 56
56 57
57 58
58 59
59 60
60 61
61 62
62 63
63 64
64 65
65 66
66 67
67 68
69 73
69 76
71 72
72 77
73 74
73 80
75 78
77 82
78 81
80 85
1 2
1 12
2 3
3 4
4 5
5 6
6 7
7 8
8 9
9 10
9 13
9 16
10 11
10 17
10 32
11 12
13 14
14 15
15 16
16 48
16 51
17 18
18 19
18 64
18 80
19 20
20 21
21 22
22 23
23 24
23 33
23 47
24 25
25 26
26 27
27 28
28 29
29 30
30 31
31 32
32 52
33 34
34 35
35 36
36 37
37 38
38 39
39 40
40 41
41 42
42 43
43 44
44 45
45 46
46 47
48 49
49 50
50 51
52 53
52 57
53 54
54 55
54 56
56 58
56 60
58 59
59 61
60 62
61 63
64 65
65 66
66 67
67 68
68 69
69 70
70 71
71 72
72 73
73 74
74 75
75 76
76 77
77 78
78 79
79 80
86 89
1 2
1 23
2 3
3 4
4 5
5 6
6 7
7 8
8 9
9 10
10 11
11 12
12 13
13 14
14 15
15 16
16 17
17 18
17 24
17 42
18 19
18 43
18 44
19 20
20 21
21 22
22 23
24 25
25 26
26 27
27 28
28 29
29 30
29 60
29 69
30 31
31 32
32 33
33 34
34 35
35 36
36 37
37 38
38 39
39 40
40 41
41 42
43 45
44 46
44 52
44 54
45 47
45 51
46 48
47 55
48 49
48 50
48 57
50 56
52 53
52 58
57 59
60 61
61 62
62 63
62 70
62 86
63 64
64 65
65 66
66 67
67 68
68 69
70 71
71 72
72 73
73 74
74 75
75 76
76 77
77 78
78 79
79 80
80 81
81 82
82 83
83 84
84 85
85 86
81 83
1 2
1 13
2 3
3 4
4 5
4 14
4 29
5 6
6 7
7 8
8 9
9 10
10 11
11 12
12 13
13 30
13 31
13 41
13 42
13 44
14 15
15 16
16 17
17 18
18 19
19 20
20 21
21 22
22 23
23 24
24 25
25 26
26 27
27 28
27 63
27 81
28 29
30 33
30 40
31 32
31 35
31 37
33 34
35 36
35 39
36 38
39 43
41 45
41 46
41 48
41 51
41 59
45 52
46 47
46 56
47 49
47 61
49 50
49 53
49 60
50 57
50 58
51 54
54 55
59 62
63 64
64 65
65 66
66 67
67 68
68 69
69 70
70 71
71 72
72 73
73 74
74 75
75 76
76 77
77 78
78 79
79 80
80 81
74 78
1 2
1 16
2 3
3 4
4 5
5 6
6 7
7 8
8 9
9 10
10 11
11 12
11 48
11 66
12 13
13 14
14 15
14 23
14 28
15 16
16 17
16 22
17 18
17 29
17 35
18 19
19 20
20 21
21 22
23 24
24 25
25 26
26 27
27 28
29 30
29 32
29 36
30 31
30 39
30 41
30 45
31 33
31 37
32 34
32 43
33 42
34 38
34 44
37 40
38 46
38 67
38 74
45 47
48 49
49 50
50 51
51 52
52 53
53 54
54 55
55 56
56 57
57 58
58 59
59 60
60 61
61 62
62 63
63 64
64 65
65 66
67 68
68 69
69 70
70 71
71 72
72 73
73 74
78 82
1 2
1 17
2 3
3 4
4 5
5 6
6 7
7 8
8 9
9 10
10 11
10 18
10 27
11 12
12 13
13 14
14 15
15 16
16 17
18 19
19 20
20 21
21 22
21 28
21 47
22 23
23 24
24 25
25 26
26 27
27 48
27 55
28 29
29 30
29 56
29 78
30 31
31 32
32 33
33 34
34 35
35 36
36 37
37 38
38 39
39 40
40 41
41 42
42 43
43 44
44 45
45 46
46 47
48 49
49 50
50 51
51 52
52 53
53 54
54 55
56 57
57 58
58 59
59 60
60 61
61 62
62 63
63 64
64 65
65 66
66 67
67 68
68 69
69 70
70 71
71 72
72 73
73 74
74 75
75 76
76 77
77 78
99 102
1 2
1 3
1 4
1 6
1 25
2 8
2 9
2 16
3 5
3 13
3 15
3 21
3 23
6 7
6 12
7 11
8 10
9 19
11 17
12 26
12 27
13 14
15 18
15 20
15 38
15 39
15 40
20 22
22 24
26 28
26 29
26 32
27 31
27 37
28 30
28 34
29 35
31 33
32 36
32 42
32 46
37 54
37 63
38 41
39 47
39 53
42 43
43 44
44 45
45 46
47 48
48 49
49 50
50 51
50 64
50 99
51 52
52 53
54 55
55 56
56 57
57 58
58 59
59 60
60 61
61 62
62 63
64 65
65 66
66 67
67 68
68 69
69 70
70 71
71 72
72 73
73 74
74 75
75 76
76 77
77 78
78 79
79 80
80 81
81 82
82 83
83 84
84 85
85 86
86 87
87 88
88 89
89 90
90 91
91 92
92 93
93 94
94 95
95 96
96 97
97 98
98 99
80 87
1 2
1 14
2 3
3 4
3 28
3 37
4 5
5 6
5 15
5 22
5 56
5 63
6 7
7 8
8 9
8 23
8 27
9 10
9 54
9 55
10 11
11 12
12 13
13 14
14 38
14 53
15 16
16 17
17 18
18 19
19 20
20 21
21 22
23 24
24 25
25 26
26 27
28 29
29 30
30 31
31 32
32 33
33 34
34 35
35 36
36 37
38 39
39 40
40 41
41 42
42 43
43 44
44 45
45 46
46 47
46 64
46 80
47 48
48 49
49 50
50 51
51 52
52 53
54 55
56 57
57 58
58 59
59 60
60 61
61 62
62 63
64 65
65 66
66 67
67 68
68 69
69 70
70 71
71 72
72 73
73 74
74 75
75 76
76 77
77 78
78 79
79 80
92 98
1 2
1 17
2 3
3 4
4 5
5 6
5 32
5 47
6 7
7 8
8 9
9 10
9 76
9 92
10 11
11 12
12 13
12 18
12 25
12 48
12 57
13 14
14 15
15 16
16 17
18 19
19 20
19 26
19 27
19 31
20 21
21 22
22 23
23 24
24 25
27 28
28 29
29 30
30 31
32 33
33 34
34 35
35 36
36 37
37 38
37 58
37 63
37 64
38 39
39 40
40 41
41 42
41 72
41 75
42 43
43 44
44 45
45 46
46 47
48 49
49 50
50 51
51 52
52 53
53 54
54 55
55 56
56 57
58 59
59 60
59 65
59 69
60 61
60 66
61 62
62 68
62 70
64 67
67 71
72 73
73 74
74 75
76 77
77 78
78 79
79 80
80 81
81 82
82 83
83 84
84 85
85 86
86 87
87 88
88 89
89 90
90 91
91 92
88 91
1 2
1 6
2 3
3 4
3 7
3 23
4 5
5 6
7 8
8 9
9 10
10 11
11 12
11 24
11 36
11 37
11 40
11 46
12 13
13 14
14 15
15 16
16 17
17 18
18 19
19 20
20 21
21 22
22 23
24 25
25 26
25 68
25 88
26 27
27 28
28 29
29 30
30 31
31 32
32 33
33 34
34 35
35 36
37 38
37 43
37 47
37 61
38 39
38 41
38 48
39 42
39 50
39 58
41 45
42 52
43 44
43 59
44 55
45 51
45 60
45 62
46 54
46 63
47 49
47 56
51 53
53 66
55 65
56 57
56 64
58 67
68 69
69 70
70 71
71 72
72 73
73 74
74 75
75 76
76 77
77 78
78 79
79 80
80 81
81 82
82 83
83 84
84 85
85 86
86 87
87 88
93 99
1 2
1 17
2 3
3 4
3 63
3 64
3 65
3 70
4 5
5 6
5 55
5 62
6 7
7 8
8 9
9 10
10 11
11 12
11 34
11 48
12 13
12 71
12 76
13 14
14 15
15 16
16 17
17 18
17 33
18 19
19 20
20 21
21 22
21 49
21 54
22 23
23 24
24 25
25 26
26 27
27 28
28 29
29 30
30 31
31 32
32 33
34 35
35 36
36 37
37 38
38 39
39 40
40 41
41 42
42 43
43 44
44 45
45 46
46 47
47 48
49 50
50 51
51 52
52 53
53 54
55 56
56 57
57 58
58 59
59 60
60 61
61 62
63 66
65 67
66 69
67 68
71 72
72 73
73 74
74 75
75 76
76 77
76 93
77 78
78 79
79 80
80 81
81 82
82 83
83 84
84 85
85 86
86 87
87 88
88 89
89 90
90 91
91 92
92 93
82 87
1 2
1 28
2 3
2 29
2 34
3 4
4 5
5 6
5 68
5 69
6 7
7 8
8 9
8 47
8 48
8 52
9 10
9 35
9 46
10 11
11 12
12 13
13 14
13 72
13 82
14 15
15 16
16 17
17 18
18 19
19 20
20 21
21 22
22 23
23 24
24 25
25 26
26 27
27 28
29 30
30 31
31 32
32 33
33 34
35 36
36 37
37 38
38 39
39 40
40 41
41 42
42 43
42 66
43 44
44 45
45 46
47 49
47 51
47 64
48 50
48 55
49 63
50 53
50 54
50 56
51 59
51 61
54 65
55 57
55 58
55 60
55 70
55 71
61 62
66 67
68 69
70 71
72 73
73 74
74 75
75 76
76 77
77 78
78 79
79 80
80 81
81 82
83 87
1 2
1 4
2 3
2 5
2 16
3 4
5 6
6 7
7 8
8 9
9 10
10 11
11 12
12 13
13 14
14 15
15 16
16 17
16 29
17 18
18 19
19 20
20 21
21 22
22 23
23 24
24 25
24 30
24 50
24 70
24 83
25 26
26 27
27 28
28 29
30 31
31 32
32 33
33 34
33 51
33 54
33 59
34 35
35 36
36 37
37 38
38 39
39 40
40 41
41 42
42 43
43 44
44 45
45 46
46 47
47 48
48 49
49 50
51 52
52 53
52 58
53 57
53 60
54 55
54 56
55 64
57 61
58 62
58 63
60 67
60 68
61 65
61 66
63 69
70 71
71 72
72 73
73 74
74 75
75 76
76 77
77 78
78 79
79 80
80 81
81 82
82 83
86 91
1 2
1 6
1 9
1 10
2 3
2 5
2 7
2 8
2 14
2 31
3 4
3 40
3 41
5 11
5 12
5 32
5 39
11 13
14 15
15 16
16 17
17 18
18 19
19 20
20 21
21 22
21 61
21 70
21 71
21 86
22 23
23 24
24 25
25 26
26 27
27 28
28 29
29 30
30 31
32 33
33 34
34 35
35 36
36 37
37 38
38 39
39 54
39 58
40 44
40 51
41 42
41 43
41 59
41 60
43 45
43 50
43 53
44 46
44 49
45 47
46 48
51 52
54 55
55 56
56 57
57 58
59 60
61 62
62 63
63 64
64 65
65 66
66 67
67 68
68 69
69 70
71 72
72 73
73 74
74 75
75 76
76 77
77 78
78 79
79 80
80 81
81 82
82 83
83 84
84 85
85 86
89 93
1 2
1 10
2 3
3 4
4 5
5 6
6 7
6 11
6 12
6 15
6 23
6 25
7 8
8 9
8 17
8 22
9 10
11 16
12 13
12 14
17 18
18 19
19 20
20 21
20 33
20 34
20 46
21 22
23 24
24 25
24 26
24 32
26 27
27 28
28 29
29 30
30 31
31 32
33 41
34 35
34 44
35 36
35 37
35 38
35 39
35 40
35 45
36 49
37 52
38 47
39 51
40 43
41 42
45 53
45 54
45 55
45 56
46 69
46 89
47 48
47 50
53 63
53 64
53 66
54 57
54 59
55 60
57 58
59 61
60 62
64 65
64 68
65 67
69 70
70 71
71 72
72 73
73 74
74 75
75 76
76 77
77 78
78 79
79 80
80 81
81 82
82 83
83 84
84 85
85 86
86 87
87 88
88 89
81 85
1 2
1 5
2 3
2 43
2 46
2 50
3 4
4 5
5 6
5 26
6 7
7 8
8 9
9 10
10 11
11 12
12 13
13 14
14 15
14 27
14 42
15 16
16 17
17 18
18 19
19 20
20 21
21 22
22 23
23 24
24 25
25 26
27 28
28 29
29 30
30 31
31 32
32 33
33 34
34 35
35 36
35 54
35 73
36 37
37 38
38 39
39 40
40 41
41 42
43 44
43 47
43 51
44 45
44 48
45 49
48 53
49 52
54 55
55 56
56 57
56 74
56 81
57 58
58 59
59 60
60 61
61 62
62 63
63 64
64 65
65 66
66 67
67 68
68 69
69 70
70 71
71 72
72 73
74 75
75 76
76 77
77 78
78 79
79 80
80 81
98 100
1 2
1 3
1 4
1 8
2 5
2 11
3 9
4 6
4 7
7 13
7 15
7 30
8 10
10 12
10 66
10 98
11 14
15 16
16 17
17 18
18 19
19 20
20 21
21 22
21 31
21 65
22 23
23 24
24 25
25 26
26 27
27 28
28 29
29 30
31 32
32 33
33 34
34 35
35 36
36 37
37 38
38 39
39 40
40 41
41 42
42 43
43 44
44 45
45 46
46 47
47 48
48 49
49 50
50 51
51 52
52 53
53 54
54 55
55 56
56 57
57 58
58 59
59 60
60 61
61 62
62 63
63 64
64 65
66 67
67 68
68 69
69 70
70 71
71 72
72 73
73 74
74 75
75 76
76 77
77 78
78 79
79 80
80 81
81 82
82 83
83 84
84 85
85 86
86 87
87 88
88 89
89 90
90 91
91 92
92 93
93 94
94 95
95 96
96 97
97 98
87 92
1 2
1 18
1 19
1 20
1 23
1 28
1 31
2 3
3 4
4 5
5 6
6 7
7 8
8 9
9 10
10 11
11 12
11 69
11 70
12 13
13 14
14 15
15 16
16 17
17 18
19 22
19 30
19 33
19 48
19 49
19 67
20 21
20 32
22 25
22 26
23 24
25 80
25 87
26 27
27 29
33 34
34 35
35 36
36 37
37 38
38 39
39 40
40 41
41 42
42 43
43 44
44 45
45 46
46 47
47 48
47 71
47 79
49 50
49 68
50 51
51 52
52 53
53 54
54 55
55 56
56 57
57 58
58 59
59 60
60 61
61 62
62 63
63 64
64 65
65 66
66 67
69 70
71 72
72 73
73 74
74 75
75 76
76 77
77 78
78 79
80 81
81 82
82 83
83 84
84 85
85 86
86 87
82 86
1 2
1 16
2 3
2 57
2 69
3 4
4 5
4 70
4 82
5 6
6 7
7 8
8 9
9 10
9 23
9 26
9 27
10 11
10 17
10 22
11 12
12 13
13 14
14 15
15 16
17 18
18 19
19 20
20 21
21 22
22 37
23 24
23 32
24 25
24 28
24 30
26 29
29 31
30 33
31 35
32 34
35 36
37 38
37 39
37 45
38 41
39 40
39 50
40 42
41 43
41 52
41 56
42 48
43 44
43 46
44 47
44 49
49 51
52 53
53 54
54 55
55 56
57 58
58 59
59 60
60 61
61 62
62 63
63 64
64 65
65 66
66 67
67 68
68 69
70 71
71 72
72 73
73 74
74 75
75 76
76 77
77 78
78 79
79 80
80 81
81 82
96 102
1 2
1 6
2 3
3 4
3 7
3 8
3 10
3 25
4 5
5 6
6 42
6 49
8 9
10 11
11 12
12 13
13 14
14 15
14 52
14 67
15 16
15 26
15 28
15 36
16 17
17 18
18 19
19 20
20 21
21 22
22 23
23 24
24 25
26 27
26 37
26 41
28 29
29 30
30 31
31 32
32 33
32 75
32 78
33 34
34 35
35 36
37 38
38 39
39 40
40 41
42 43
42 51
43 44
44 45
44 46
45 47
46 50
47 48
52 53
53 54
54 55
55 56
56 57
57 58
58 59
58 79
58 96
59 60
60 61
61 62
62 63
63 64
64 65
64 68
64 74
65 66
66 67
68 69
69 70
70 71
71 72
72 73
73 74
75 76
75 77
79 80
80 81
81 82
82 83
83 84
84 85
85 86
86 87
87 88
88 89
89 90
90 91
91 92
92 93
93 94
94 95
95 96
82 88
1 2
1 8
2 3
3 4
3 9
3 14
4 5
5 6
6 7
7 8
9 10
10 11
11 12
11 15
11 23
12 13
13 14
14 56
14 71
15 16
16 17
17 18
18 19
19 20
20 21
20 24
20 35
21 22
22 23
22 72
22 82
24 25
25 26
26 27
27 28
27 36
28 29
29 30
30 31
31 32
32 33
32 40
32 47
33 34
34 35
36 37
36 38
38 39
40 41
41 42
42 43
43 44
44 45
45 46
46 47
47 48
47 50
47 51
48 49
49 53
50 52
52 54
52 55
56 57
57 58
58 59
59 60
60 61
61 62
62 63
63 64
64 65
65 66
66 67
67 68
68 69
69 70
70 71
72 73
73 74
74 75
75 76
76 77
77 78
78 79
79 80
80 81
81 82
91 96
1 2
1 4
1 8
1 26
2 3
2 5
3 6
3 7
3 27
3 40
8 9
9 10
10 11
11 12
12 13
13 14
14 15
15 16
16 17
17 18
18 19
19 20
20 21
21 22
22 23
23 24
24 25
25 26
27 28
28 29
29 30
30 31
31 32
32 33
33 34
34 35
35 36
36 37
36 65
36 78
37 38
37 41
37 46
38 39
39 40
41 42
42 43
43 44
44 45
44 47
44 64
45 46
47 48
48 49
49 50
50 51
51 52
52 53
53 54
54 55
55 56
56 57
57 58
58 59
59 60
60 61
61 62
62 63
63 64
65 66
66 67
67 68
68 69
68 79
68 91
69 70
70 71
71 72
72 73
73 74
74 75
75 76
76 77
77 78
79 80
80 81
81 82
82 83
83 84
84 85
85 86
86 87
87 88
88 89
89 90
90 91
91 94
1 2
1 20
2 3
3 4
4 5
5 6
6 7
7 8
8 9
9 10
10 11
11 12
11 30
11 32
11 33
11 34
11 35
12 13
13 14
13 78
13 91
14 15
15 16
16 17
17 18
18 19
18 21
18 29
19 20
21 22
22 23
23 24
24 25
25 26
25 50
25 55
26 27
27 28
28 29
30 31
31 40
33 39
33 41
33 43
33 46
34 36
34 37
35 38
35 49
39 45
40 42
41 44
41 47
43 67
43 68
43 69
46 48
48 56
48 58
50 51
51 52
52 53
53 54
54 55
56 57
56 64
56 66
58 59
58 60
58 61
58 63
59 62
62 65
67 70
68 73
68 76
70 71
71 72
72 77
73 74
74 75
78 79
79 80
80 81
81 82
82 83
83 84
84 85
85 86
86 87
87 88
88 89
89 90
90 91
86 91
1 2
1 6
1 7
1 8
2 3
3 4
3 27
3 36
4 5
5 6
6 55
6 70
8 9
9 10
9 11
9 26
9 37
9 54
11 12
12 13
12 78
12 79
12 80
13 14
14 15
15 16
16 17
17 18
18 19
19 20
20 21
21 22
22 23
23 24
24 25
25 26
27 28
28 29
29 30
30 31
31 32
31 71
31 77
32 33
33 34
34 35
35 36
37 38
38 39
39 40
40 41
41 42
42 43
43 44
44 45
45 46
46 47
47 48
48 49
49 50
50 51
51 52
52 53
53 54
55 56
56 57
57 58
58 59
59 60
60 61
61 62
62 63
63 64
64 65
65 66
66 67
67 68
68 69
69 70
71 72
72 73
73 74
74 75
75 76
76 77
78 83
79 81
79 86
80 82
80 85
82 84
96 102
1 2
1 22
2 3
3 4
4 5
5 6
5 69
5 77
6 7
7 8
7 23
7 27
8 9
9 10
10 11
11 12
11 52
11 68
12 13
13 14
14 15
15 16
15 78
15 96
16 17
17 18
18 19
18 28
18 41
19 20
20 21
21 22
23 24
24 25
25 26
26 27
28 29
29 30
30 31
30 42
30 48
31 32
32 33
33 34
34 35
35 36
36 37
37 38
38 39
39 40
40 41
42 43
43 44
43 49
44 45
45 46
46 47
47 48
49 50
50 51
52 53
53 54
54 55
55 56
56 57
57 58
58 59
59 60
60 61
61 62
62 63
63 64
64 65
65 66
66 67
67 68
69 70
70 71
71 72
72 73
73 74
74 75
75 76
76 77
78 79
79 80
80 81
81 82
82 83
83 84
84 85
85 86
86 87
87 88
88 89
89 90
90 91
91 92
92 93
93 94
94 95
95 96
87 92
1 2
1 16
2 3
3 4
3 25
3 27
4 5
5 6
6 7
7 8
8 9
9 10
9 17
9 24
10 11
11 12
12 13
12 40
12 58
13 14
14 15
14 28
14 39
15 16
17 18
18 19
19 20
20 21
21 22
22 23
23 24
25 26
26 27
28 29
28 59
28 60
28 61
28 73
29 30
30 31
31 32
32 33
33 34
34 35
35 36
36 37
37 38
38 39
40 41
41 42
42 43
43 44
44 45
45 46
46 47
47 48
48 49
49 50
50 51
51 52
52 53
53 54
54 55
55 56
56 57
57 58
59 72
60 62
60 66
60 69
61 65
62 63
62 76
63 64
63 70
63 71
65 67
66 68
66 74
73 75
74 77
74 87
77 78
78 79
79 80
80 81
81 82
82 83
83 84
84 85
85 86
86 87
96 102
1 2
1 14
2 3
3 4
4 5
5 6
5 67
5 82
6 7
7 8
8 9
9 10
10 11
11 12
12 13
13 14
14 15
14 16
14 19
14 56
14 66
15 26
16 17
16 18
16 20
16 21
17 24
18 25
18 30
19 22
19 27
21 23
22 29
23 28
29 31
29 32
32 33
32 43
32 44
32 55
33 34
34 35
35 36
36 37
37 38
38 39
39 40
40 41
41 42
42 43
44 45
45 46
46 47
47 48
48 49
49 50
50 51
51 52
52 53
53 54
54 55
56 57
57 58
58 59
59 60
60 61
60 83
60 89
61 62
61 90
61 96
62 63
63 64
64 65
65 66
67 68
68 69
69 70
70 71
71 72
72 73
73 74
74 75
75 76
76 77
77 78
78 79
79 80
80 81
81 82
83 84
84 85
85 86
86 87
87 88
88 89
90 91
91 92
92 93
93 94
94 95
95 96
96 103
1 2
1 4
1 6
1 7
1 32
1 50
2 3
3 5
6 7
6 8
6 25
8 9
9 10
10 11
11 12
11 51
11 60
12 13
13 14
14 15
15 16
16 17
17 18
18 19
18 26
18 31
19 20
20 21
20 77
20 96
21 22
22 23
23 24
24 25
26 27
26 65
26 76
27 28
28 29
29 30
30 31
32 33
33 34
34 35
35 36
36 37
37 38
38 39
39 40
40 41
41 42
41 61
41 64
42 43
43 44
44 45
45 46
46 47
47 48
48 49
49 50
51 52
52 53
53 54
54 55
55 56
56 57
57 58
58 59
59 60
61 62
62 63
63 64
65 66
66 67
67 68
68 69
69 70
70 71
71 72
72 73
73 74
74 75
75 76
77 78
78 79
79 80
80 81
81 82
82 83
83 84
84 85
85 86
86 87
87 88
88 89
89 90
90 91
91 92
92 93
93 94
94 95
95 96
95 102
1 2
1 3
2 3
2 4
2 16
4 5
5 6
6 7
7 8
8 9
9 10
10 11
11 12
11 17
11 27
12 13
13 14
14 15
15 16
15 82
15 95
17 18
17 28
17 32
18 19
19 20
20 21
21 22
22 23
22 33
22 44
23 24
24 25
25 26
26 27
28 29
29 30
30 31
31 32
32 48
32 81
33 34
34 35
35 36
36 37
37 38
38 39
39 40
40 41
41 42
42 43
42 45
42 47
43 44
45 46
46 47
48 49
49 50
50 51
51 52
52 53
53 54
54 55
55 56
56 57
57 58
58 59
59 60
60 61
61 62
62 63
63 64
64 65
65 66
66 67
67 68
68 69
69 70
70 71
71 72
72 73
73 74
74 75
75 76
76 77
77 78
78 79
79 80
80 81
82 83
83 84
84 85
85 86
86 87
87 88
88 89
89 90
90 91
91 92
92 93
93 94
94 95
93 98
1 2
1 3
2 4
2 6
2 7
3 5
3 10
4 9
4 13
4 25
6 8
7 11
9 12
10 64
10 66
13 14
14 15
15 16
16 17
17 18
18 19
18 26
18 30
18 37
19 20
20 21
21 22
21 54
21 63
22 23
22 67
22 68
23 24
24 25
26 27
27 28
27 34
27 39
27 40
27 47
28 29
28 31
28 42
29 32
31 33
31 35
31 38
32 41
34 43
35 36
35 45
35 53
37 46
41 50
43 44
43 52
44 49
46 48
47 70
47 76
47 79
47 93
49 51
49 77
49 78
54 55
55 56
56 57
57 58
58 59
59 60
60 61
61 62
62 63
64 65
65 66
67 69
70 71
71 72
72 73
73 74
74 75
75 76
77 78
79 80
80 81
81 82
82 83
83 84
84 85
85 86
86 87
87 88
88 89
89 90
90 91
91 92
92 93
93 98
1 2
1 21
2 3
3 4
4 5
4 22
4 36
5 6
6 7
7 8
8 9
9 10
10 11
11 12
12 13
13 14
14 15
15 16
16 17
17 18
18 19
19 20
20 21
22 23
23 24
23 37
23 53
23 67
23 79
24 25
25 26
26 27
27 28
28 29
29 30
30 31
31 32
32 33
33 34
34 35
35 36
37 38
38 39
39 40
40 41
41 42
42 43
43 44
43 54
43 66
44 45
45 46
46 47
47 48
48 49
49 50
50 51
51 52
52 53
54 55
55 56
56 57
57 58
58 59
59 60
60 61
61 62
62 63
63 64
63 80
63 81
63 83
64 65
65 66
67 68
68 69
69 70
70 71
71 72
71 89
71 93
72 73
73 74
74 75
75 76
76 77
77 78
78 79
80 82
81 84
81 85
83 86
84 87
85 88
89 90
90 91
91 92
92 93
90 97
1 2
1 7
2 3
2 59
2 61
3 4
4 5
5 6
6 7
6 8
6 10
8 9
9 10
10 11
10 40
11 12
12 13
13 14
14 15
15 16
16 17
17 18
18 19
19 20
20 21
21 22
22 23
23 24
24 25
25 26
26 27
27 28
28 29
29 30
30 31
31 32
32 33
33 34
34 35
34 44
34 58
35 36
36 37
36 41
36 43
37 38
38 39
39 40
41 42
41 62
41 75
42 43
44 45
45 46
46 47
47 48
48 49
49 50
50 51
51 52
52 53
53 54
54 55
55 56
56 57
57 58
59 60
60 61
61 76
61 90
62 63
63 64
64 65
65 66
66 67
67 68
68 69
69 70
70 71
71 72
72 73
73 74
74 75
76 77
77 78
78 79
79 80
80 81
81 82
82 83
83 84
84 85
85 86
86 87
87 88
88 89
89 90
91 94
1 2
1 3
2 4
3 6
3 18
3 23
4 5
4 7
4 9
4 16
4 78
4 80
4 83
5 11
7 8
7 12
7 13
8 10
8 15
10 49
10 64
12 14
13 17
13 24
18 19
19 20
19 30
19 48
20 21
21 22
22 23
24 25
25 26
26 27
27 28
27 29
30 31
31 32
32 33
33 34
34 35
35 36
36 37
37 38
38 39
39 40
40 41
41 42
42 43
43 44
44 45
45 46
46 47
47 48
47 65
47 77
49 50
50 51
51 52
52 53
53 54
54 55
55 56
56 57
57 58
58 59
59 60
60 61
61 62
62 63
63 64
65 66
66 67
67 68
68 69
69 70
70 71
71 72
72 73
73 74
74 75
75 76
76 77
78 79
78 81
80 82
81 85
81 86
81 88
82 87
83 84
83 90
84 89
84 91
98 102
1 2
1 3
2 3
2 4
2 5
2 6
4 81
4 85
5 8
6 7
7 9
7 26
9 10
10 11
11 12
11 86
11 88
12 13
13 14
14 15
15 16
16 17
17 18
18 19
19 20
20 21
21 22
22 23
23 24
24 25
24 27
24 37
25 26
27 28
28 29
29 30
30 31
31 32
32 33
33 34
34 35
35 36
36 37
37 38
37 50
38 39
39 40
40 41
41 42
42 43
42 51
42 52
42 55
43 44
44 45
45 46
46 47
47 48
48 49
49 50
51 53
51 56
51 59
52 58
52 67
53 54
54 60
54 61
54 66
55 65
55 70
55 72
56 57
56 68
56 76
57 63
57 71
57 77
60 62
61 80
61 89
61 91
61 92
61 93
62 64
63 69
64 75
70 74
70 79
71 73
71 78
81 82
82 83
83 84
84 85
86 87
89 90
89 97
91 94
91 95
92 96
94 98
90 93
1 2
1 20
2 3
3 4
4 5
5 6
5 56
5 72
6 7
7 8
8 9
9 10
10 11
11 12
12 13
12 73
12 86
13 14
14 15
14 37
14 38
14 46
15 16
15 87
15 90
16 17
16 21
16 22
16 25
16 27
16 29
17 18
18 19
19 20
21 26
21 31
22 23
23 24
23 28
26 30
29 32
29 36
31 33
31 34
31 35
37 39
37 41
37 45
37 49
38 48
39 40
39 42
39 43
39 44
44 47
45 54
47 50
47 51
47 53
51 52
53 55
56 57
57 58
58 59
59 60
60 61
61 62
62 63
63 64
64 65
65 66
66 67
67 68
68 69
69 70
70 71
71 72
73 74
74 75
75 76
76 77
77 78
78 79
79 80
80 81
81 82
82 83
83 84
84 85
85 86
87 88
88 89
89 90
91 95
1 2
1 15
2 3
3 4
4 5
5 6
5 86
5 91
6 7
7 8
8 9
9 10
10 11
11 12
12 13
13 14
14 15
14 16
14 56
16 17
17 18
18 19
19 20
20 21
21 22
22 23
22 57
22 73
23 24
24 25
25 26
26 27
27 28
28 29
29 30
30 31
31 32
32 33
33 34
34 35
34 74
34 85
35 36
36 37
37 38
38 39
39 40
40 41
41 42
42 43
43 44
44 45
45 46
46 47
47 48
48 49
49 50
50 51
51 52
52 53
53 54
54 55
55 56
57 58
58 59
59 60
60 61
61 62
62 63
63 64
64 65
65 66
66 67
67 68
68 69
69 70
70 71
71 72
72 73
74 75
75 76
76 77
77 78
78 79
79 80
80 81
81 82
82 83
83 84
84 85
86 87
87 88
88 89
89 90
90 91
93 98
1 2
1 3
1 6
1 7
1 27
2 4
2 5
4 54
7 8
8 9
8 59
8 76
9 10
10 11
11 12
12 13
13 14
14 15
14 28
14 36
15 16
16 17
17 18
18 19
19 20
20 21
21 22
22 23
23 24
24 25
25 26
26 27
28 29
29 30
30 31
30 82
30 86
31 32
32 33
33 34
33 37
33 53
34 35
35 36
37 38
38 39
39 40
40 41
41 42
42 43
43 44
44 45
45 46
46 47
47 48
48 49
49 50
50 51
51 52
52 53
54 55
54 56
54 57
54 58
55 77
55 81
59 60
60 61
61 62
62 63
63 64
64 65
65 66
66 67
67 68
68 69
69 70
70 71
71 72
71 90
71 93
72 73
73 74
74 75
75 76
77 78
78 79
79 80
80 81
82 83
82 84
82 88
83 85
85 87
88 89
90 91
91 92
92 93
94 98
1 2
1 13
2 3
3 4
4 5
5 6
6 7
6 37
6 51
7 8
8 9
8 21
8 36
9 10
10 11
11 12
11 14
11 20
12 13
14 15
15 16
16 17
17 18
18 19
19 20
21 22
22 23
23 24
24 25
25 26
26 27
27 28
28 29
29 30
30 31
31 32
32 33
33 34
34 35
35 36
37 38
38 39
39 40
40 41
40 69
40 71
40 72
40 76
41 42
42 43
43 44
44 45
45 46
46 47
46 52
46 54
46 55
46 63
47 48
48 49
49 50
50 51
52 53
54 56
54 58
54 87
54 94
55 59
55 60
56 57
56 61
57 67
58 65
60 62
60 66
63 64
67 68
69 70
69 75
69 79
70 73
70 86
71 77
71 84
73 74
75 80
77 78
79 82
79 85
80 81
81 83
87 88
88 89
89 90
90 91
91 92
92 93
93 94
95 99
1 2
1 11
2 3
3 4
4 5
5 6
6 7
6 12
6 13
6 16
6 18
6 27
6 29
6 33
7 8
7 63
7 64
7 67
8 9
9 10
10 11
10 90
10 95
13 14
13 35
13 39
14 15
14 17
14 26
15 19
16 20
16 21
18 77
18 78
18 79
18 80
18 82
19 23
19 34
21 22
22 24
22 28
22 31
23 40
23 59
23 60
23 61
24 25
27 30
30 32
34 69
34 76
35 36
36 37
37 38
38 39
40 41
41 42
42 43
43 44
44 45
45 46
46 47
47 48
48 49
49 50
50 51
51 52
52 53
53 54
54 55
55 56
56 57
57 58
58 59
60 62
63 65
63 68
64 66
69 70
70 71
71 72
72 73
73 74
74 75
75 76
77 88
78 81
78 83
80 84
82 87
83 85
85 86
86 89
90 91
91 92
92 93
93 94
94 95
97 102
1 2
1 5
2 3
3 4
4 5
5 6
5 23
5 24
5 31
6 7
7 8
8 9
9 10
10 11
11 12
12 13
13 14
14 15
15 16
15 42
15 65
16 17
17 18
17 32
17 34
17 38
18 19
19 20
20 21
21 22
22 23
24 25
25 26
26 27
27 28
28 29
29 30
30 31
32 33
32 35
32 36
32 40
33 37
37 39
37 41
42 43
43 44
44 45
45 46
46 47
47 48
48 49
49 50
49 66
49 80
50 51
51 52
52 53
53 54
54 55
55 56
56 57
57 58
58 59
59 60
60 61
61 62
62 63
63 64
64 65
66 67
67 68
68 69
69 70
70 71
71 72
72 73
72 81
72 97
73 74
74 75
75 76
76 77
77 78
78 79
79 80
81 82
82 83
83 84
84 85
85 86
86 87
87 88
88 89
89 90
90 91
91 92
92 93
93 94
94 95
95 96
96 97
99 104
1 2
1 21
2 3
3 4
4 5
4 39
4 57
5 6
6 7
6 22
6 25
6 34
6 60
6 65
7 8
8 9
8 58
8 59
9 10
10 11
11 12
12 13
13 14
14 15
15 16
16 17
17 18
18 19
19 20
20 21
20 66
22 23
22 24
22 28
23 30
25 26
25 27
26 32
26 38
26 73
26 78
28 29
29 35
30 31
30 36
31 33
35 37
39 40
40 41
41 42
42 43
43 44
44 45
45 46
46 47
47 48
47 90
47 92
48 49
49 50
50 51
51 52
52 53
53 54
54 55
55 56
56 57
58 59
60 61
61 62
62 63
63 64
63 79
63 89
64 65
66 67
66 68
67 69
67 70
68 72
70 71
73 74
74 75
75 76
76 77
77 78
79 80
80 81
81 82
82 83
83 84
84 85
85 86
86 87
87 88
88 89
90 91
90 93
90 95
91 98
92 96
93 94
94 97
97 99
93 97
1 2
1 3
1 7
1 13
1 16
3 4
3 8
3 17
3 19
3 38
4 5
4 9
5 6
6 41
6 56
8 10
8 14
8 15
10 11
10 12
10 39
10 40
16 18
19 20
20 21
21 22
22 23
22 74
22 75
22 77
22 82
22 87
23 24
24 25
25 26
26 27
27 28
28 29
29 30
30 31
31 32
32 33
32 57
32 59
33 34
34 35
35 36
36 37
37 38
39 40
41 42
42 43
43 44
44 45
45 46
46 47
47 48
48 49
48 60
48 73
49 50
50 51
51 52
52 53
53 54
54 55
55 56
57 58
58 59
60 61
61 62
62 63
63 64
64 65
65 66
66 67
67 68
68 69
69 70
70 71
71 72
72 73
74 76
74 80
75 84
76 78
78 79
79 85
80 81
80 89
81 83
82 90
84 86
84 93
86 88
88 91
88 92
96 101
1 2
1 3
1 70
1 76
2 4
2 18
4 5
5 6
6 7
7 8
8 9
8 39
8 55
9 10
10 11
11 12
12 13
13 14
14 15
14 19
14 23
14 27
14 34
14 37
15 16
16 17
17 18
19 20
19 21
19 33
20 28
20 30
21 22
21 24
21 25
21 26
22 29
22 31
24 38
26 36
27 32
32 35
33 56
33 69
34 77
34 87
39 40
40 41
41 42
42 43
43 44
44 45
45 46
46 47
47 48
48 49
49 50
50 51
51 52
52 53
53 54
54 55
56 57
57 58
58 59
59 60
60 61
61 62
62 63
63 64
64 65
65 66
66 67
67 68
68 69
70 71
71 72
72 73
73 74
74 75
75 76
77 78
78 79
79 80
80 81
81 82
81 88
81 96
82 83
83 84
84 85
85 86
86 87
88 89
89 90
90 91
91 92
92 93
93 94
94 95
95 96
91 96
1 2
1 11
2 3
3 4
4 5
4 74
4 91
5 6
6 7
7 8
8 9
9 10
10 11
11 12
11 30
12 13
13 14
14 15
15 16
16 17
17 18
18 19
19 20
20 21
21 22
22 23
23 24
24 25
25 26
26 27
27 28
28 29
28 31
28 50
29 30
31 32
32 33
33 34
34 35
35 36
36 37
37 38
38 39
39 40
40 41
41 42
42 43
43 44
43 51
43 67
44 45
45 46
46 47
47 48
48 49
49 50
51 52
52 53
53 54
54 55
55 56
56 57
57 58
58 59
59 60
60 61
61 62
62 63
63 64
63 68
63 73
64 65
65 66
66 67
68 69
69 70
70 71
71 72
72 73
74 75
75 76
76 77
77 78
78 79
79 80
80 81
81 82
82 83
83 84
84 85
85 86
86 87
87 88
88 89
89 90
90 91
100 104
1 2
1 3
1 4
1 5
1 6
1 7
2 14
3 12
4 9
4 13
5 8
5 10
5 15
5 19
7 28
7 53
8 21
9 18
10 11
10 17
12 16
14 22
14 27
17 20
22 23
23 24
24 25
25 26
26 27
28 29
29 30
30 31
31 32
32 33
33 34
34 35
34 54
34 68
35 36
36 37
37 38
38 39
39 40
40 41
41 42
42 43
43 44
44 45
45 46
46 47
46 69
46 70
46 76
46 86
47 48
48 49
48 88
48 89
49 50
50 51
51 52
52 53
54 55
55 56
56 57
57 58
58 59
59 60
60 61
61 62
62 63
63 64
64 65
65 66
66 67
67 68
69 71
69 72
70 83
71 73
71 78
71 79
72 74
73 75
73 81
74 77
78 80
78 84
79 82
79 85
81 87
81 90
81 100
88 89
90 91
91 92
92 93
93 94
94 95
95 96
96 97
97 98
98 99
99 100
90 97
1 2
1 18
2 3
3 4
4 5
5 6
5 62
5 81
6 7
7 8
8 9
9 10
9 26
9 34
10 11
11 12
11 19
11 20
12 13
13 14
14 15
14 21
14 25
15 16
15 39
15 61
16 17
17 18
19 20
21 22
22 23
23 24
24 25
26 27
27 28
28 29
29 30
30 31
31 32
32 33
33 34
33 35
35 36
35 37
37 38
39 40
40 41
41 42
42 43
43 44
44 45
45 46
46 47
47 48
48 49
49 50
50 51
51 52
52 53
53 54
54 55
55 56
55 82
55 85
56 57
57 58
58 59
59 60
60 61
62 63
63 64
64 65
64 86
64 90
65 66
66 67
67 68
68 69
69 70
70 71
71 72
72 73
73 74
74 75
75 76
76 77
77 78
78 79
79 80
80 81
82 83
83 84
84 85
86 87
87 88
88 89
89 90
100 104
1 2
1 9
2 3
2 5
2 10
3 4
3 8
4 11
5 6
6 7
8 12
11 53
12 13
12 14
12 32
14 15
15 16
16 17
17 18
18 19
19 20
20 21
21 22
22 23
23 24
24 25
25 26
26 27
27 28
27 100
28 29
28 50
28 52
29 30
29 84
29 99
30 31
30 64
30 83
31 32
31 33
31 49
33 34
34 35
35 36
36 37
37 38
38 39
39 40
40 41
41 42
42 43
43 44
44 45
45 46
46 47
47 48
48 49
50 51
51 52
53 54
53 55
53 56
53 60
55 57
55 63
56 58
58 59
59 61
59 62
64 65
65 66
66 67
67 68
68 69
69 70
70 71
71 72
72 73
73 74
74 75
75 76
76 77
77 78
78 79
79 80
80 81
81 82
82 83
84 85
85 86
86 87
87 88
88 89
89 90
90 91
91 92
92 93
93 94
94 95
95 96
96 97
97 98
98 99
100 108
1 2
1 8
2 3
2 38
2 41
3 4
4 5
5 6
6 7
6 52
6 74
7 8
8 9
8 21
9 10
9 22
9 28
10 11
10 98
10 100
11 12
12 13
12 42
12 51
13 14
14 15
14 29
14 37
15 16
16 17
17 18
18 19
19 20
20 21
22 23
23 24
24 25
25 26
26 27
27 28
29 30
30 31
31 32
32 33
33 34
34 35
35 36
36 37
38 39
39 40
40 41
42 43
43 44
44 45
45 46
46 47
47 48
48 49
49 50
50 51
50 75
50 76
50 77
50 83
50 92
50 97
52 53
53 54
54 55
55 56
56 57
57 58
58 59
59 60
60 61
61 62
62 63
63 64
64 65
65 66
66 67
67 68
68 69
69 70
70 71
71 72
72 73
73 74
75 80
75 81
75 86
77 78
77 79
77 84
77 88
78 82
81 85
81 87
81 89
81 90
82 91
92 93
93 94
94 95
95 96
96 97
98 99
99 100
100 106
1 2
1 19
2 3
2 98
2 100
3 4
4 5
5 6
6 7
7 8
8 9
8 44
8 53
8 80
8 97
9 10
10 11
11 12
12 13
13 14
14 15
14 20
14 24
14 26
14 30
15 16
16 17
17 18
18 19
20 21
20 22
20 23
21 28
22 29
22 31
22 43
23 25
26 27
27 54
27 70
31 32
32 33
33 34
34 35
35 36
36 37
37 38
38 39
39 40
40 41
41 42
42 43
44 45
44 71
44 79
45 46
46 47
47 48
48 49
49 50
50 51
51 52
52 53
54 55
55 56
56 57
57 58
58 59
59 60
60 61
61 62
62 63
63 64
64 65
65 66
66 67
67 68
68 69
69 70
71 72
72 73
73 74
74 75
75 76
76 77
77 78
78 79
80 81
81 82
82 83
83 84
84 85
85 86
86 87
87 88
88 89
89 90
90 91
91 92
92 93
93 94
94 95
95 96
96 97
98 99
99 100
100 110
1 2
1 10
1 17
1 21
1 36
1 40
2 3
3 4
4 5
5 6
6 7
6 11
6 16
7 8
8 9
9 10
11 12
12 13
12 63
12 67
13 14
14 15
15 16
16 22
16 35
16 52
16 62
17 18
18 19
19 20
20 21
22 23
23 24
24 25
25 26
26 27
27 28
28 29
29 30
30 31
31 32
32 33
33 34
34 35
36 37
36 39
37 38
37 42
37 49
38 41
38 68
38 71
39 44
40 46
42 43
43 45
44 47
44 51
47 48
49 50
52 53
53 54
54 55
54 99
54 100
55 56
56 57
57 58
58 59
59 60
60 61
61 62
63 64
63 94
63 98
64 65
65 66
66 67
68 69
68 83
68 93
69 70
70 71
71 72
71 82
72 73
73 74
74 75
75 76
76 77
77 78
78 79
79 80
80 81
81 82
83 84
84 85
85 86
86 87
87 88
88 89
89 90
90 91
91 92
92 93
94 95
95 96
96 97
97 98
99 100
100 110
1 2
1 11
1 92
1 95
2 3
3 4
4 5
4 24
4 34
5 6
5 18
5 20
6 7
7 8
8 9
8 13
8 17
8 68
8 86
8 96
8 100
9 10
9 12
10 11
12 21
12 22
13 14
14 15
14 48
14 67
15 16
16 17
18 19
19 20
21 23
22 89
22 91
24 25
25 26
26 27
27 28
28 29
29 30
30 31
31 32
32 33
33 34
33 35
33 47
35 36
36 37
37 38
38 39
39 40
40 41
41 42
42 43
43 44
44 45
45 46
46 47
48 49
49 50
50 51
51 52
52 53
53 54
54 55
55 56
56 57
57 58
58 59
58 87
58 88
59 60
60 61
61 62
62 63
63 64
64 65
65 66
66 67
68 69
69 70
70 71
71 72
72 73
73 74
74 75
75 76
76 77
77 78
78 79
79 80
80 81
81 82
82 83
83 84
84 85
85 86
87 88
89 90
90 91
92 93
93 94
94 95
96 97
97 98
98 99
99 100
100 110
1 2
1 3
2 3
2 4
2 23
2 24
2 37
4 5
4 38
4 57
5 6
6 7
7 8
8 9
9 10
10 11
11 12
12 13
13 14
13 58
13 62
14 15
15 16
16 17
17 18
18 19
19 20
20 21
20 65
20 67
21 22
22 23
24 25
25 26
26 27
27 28
28 29
29 30
30 31
30 72
30 86
31 32
32 33
33 34
34 35
35 36
36 37
36 99
36 100
38 39
38 63
38 64
39 40
40 41
41 42
42 43
43 44
44 45
45 46
46 47
47 48
48 49
49 50
50 51
51 52
52 53
53 54
54 55
55 56
56 57
58 59
59 60
60 61
61 62
63 64
65 66
65 68
67 69
67 71
69 70
71 96
71 98
72 73
73 74
74 75
75 76
76 77
77 78
77 87
77 92
78 79
79 80
80 81
81 82
82 83
83 84
84 85
85 86
86 93
86 95
87 88
88 89
89 90
90 91
91 92
93 94
94 95
96 97
97 98
99 100
100 107
1 2
1 5
2 3
2 6
2 14
3 4
3 15
3 29
4 5
4 30
4 46
6 7
7 8
8 9
9 10
10 11
11 12
12 13
13 14
15 16
15 47
15 48
15 53
15 56
16 17
17 18
18 19
19 20
20 21
21 22
22 23
23 24
24 25
25 26
26 27
27 28
28 29
30 31
31 32
32 33
33 34
34 35
35 36
35 62
35 63
35 64
36 37
37 38
38 39
39 40
40 41
41 42
42 43
43 44
44 45
45 46
47 55
48 49
48 54
49 50
49 51
49 52
49 61
51 57
51 58
52 59
52 93
54 96
54 98
57 60
60 74
60 82
63 66
63 67
63 71
64 65
65 68
65 69
66 70
67 83
67 89
68 72
70 73
74 75
75 76
76 77
77 78
78 79
79 80
80 81
81 82
83 84
84 85
85 86
86 87
86 90
86 92
87 88
88 89
90 91
91 92
92 99
92 100
93 94
94 95
96 97
99 100
100 106
1 2
1 31
2 3
3 4
4 5
5 6
6 7
6 93
7 8
8 9
8 32
8 39
8 95
8 98
9 10
10 11
11 12
12 13
12 86
12 92
13 14
14 15
15 16
16 17
16 40
16 49
17 18
18 19
18 69
18 80
19 20
20 21
21 22
22 23
23 24
24 25
24 50
24 51
24 68
25 26
26 27
27 28
28 29
29 30
30 31
32 33
33 34
34 35
34 99
35 36
36 37
37 38
38 39
40 41
41 42
42 43
43 44
44 45
45 46
46 47
47 48
48 49
51 52
52 53
53 54
54 55
54 81
54 82
54 84
55 56
56 57
57 58
58 59
59 60
60 61
61 62
62 63
63 64
64 65
65 66
66 67
67 68
69 70
70 71
71 72
72 73
73 74
74 75
75 76
76 77
77 78
78 79
79 80
81 83
81 85
86 87
87 88
88 89
89 90
90 91
91 92
93 94
95 96
96 97
97 98
99 100
100 105
1 2
1 3
1 7
1 8
2 4
2 6
2 11
3 12
4 5
4 10
5 15
5 28
6 9
6 13
9 14
11 68
11 74
12 50
12 67
15 16
16 17
17 18
17 29
17 49
18 19
19 20
19 99
19 100
20 21
21 22
22 23
23 24
24 25
25 26
25 96
25 97
25 98
26 27
27 28
29 30
30 31
31 32
32 33
33 34
34 35
35 36
36 37
37 38
38 39
39 40
40 41
41 42
42 43
43 44
44 45
45 46
46 47
47 48
48 49
50 51
51 52
52 53
53 54
54 55
55 56
55 85
55 86
55 87
55 90
56 57
57 58
58 59
59 60
60 61
61 62
62 63
63 64
64 65
65 66
66 67
68 69
69 70
70 71
71 72
72 73
73 74
74 75
74 84
75 76
76 77
77 78
78 79
79 80
80 81
81 82
82 83
83 84
85 89
85 95
86 91
87 88
87 92
89 94
91 93
96 97
100 108
1 2
1 7
2 3
3 4
4 5
4 8
4 23
4 27
4 32
5 6
5 24
5 25
5 26
6 7
8 9
9 10
10 11
11 12
12 13
13 14
14 15
15 16
16 17
17 18
18 19
19 20
20 21
21 22
22 23
23 52
23 68
27 28
28 29
29 30
30 31
31 32
32 33
32 43
33 34
34 35
35 36
35 69
35 78
36 37
36 44
36 45
36 47
36 48
37 38
38 39
38 96
38 97
39 40
40 41
41 42
42 43
44 46
44 51
46 50
48 49
48 79
48 89
49 98
49 99
52 53
53 54
54 55
55 56
55 90
55 91
56 57
57 58
58 59
59 60
60 61
61 62
62 63
63 64
64 65
65 66
66 67
67 68
67 94
69 70
70 71
71 72
72 73
73 74
74 75
75 76
76 77
77 78
79 80
80 81
81 82
82 83
83 84
83 100
84 85
85 86
86 87
87 88
88 89
91 92
92 93
94 95
96 97
98 99
100 103
1 2
1 12
2 3
3 4
4 5
5 6
6 7
7 8
8 9
8 19
8 95
9 10
10 11
11 12
12 13
12 18
13 14
14 15
15 16
16 17
17 18
19 20
20 21
21 22
22 23
23 24
24 25
25 26
26 27
27 28
28 29
29 30
30 31
31 32
32 33
33 34
34 35
35 36
36 37
37 38
38 39
38 96
38 100
39 40
40 41
41 42
42 43
43 44
44 45
45 46
46 47
47 48
48 49
49 50
50 51
51 52
52 53
53 54
54 55
55 56
56 57
57 58
58 59
59 60
60 61
61 62
62 63
63 64
64 65
65 66
66 67
67 68
68 69
69 70
70 71
71 72
72 73
73 74
74 75
75 76
76 77
77 78
78 79
79 80
80 81
81 82
82 83
83 84
84 85
85 86
86 87
87 88
88 89
89 90
90 91
91 92
92 93
93 94
94 95
96 97
97 98
98 99
99 100
100 105
1 2
1 18
1 41
1 44
1 47
2 3
3 4
3 78
3 80
4 5
5 6
6 7
7 8
8 9
9 10
10 11
10 19
10 24
11 12
12 13
13 14
13 25
13 31
14 15
15 16
16 17
17 18
17 53
17 60
19 20
20 21
21 22
22 23
23 24
25 26
25 28
25 29
25 33
26 27
27 32
28 30
28 37
28 39
29 35
31 34
32 99
32 100
34 36
34 40
37 38
41 42
41 46
42 43
42 48
43 45
43 49
45 52
46 50
48 51
53 54
54 55
54 61
54 62
54 63
55 56
56 57
57 58
58 59
59 60
62 68
62 75
63 64
63 67
63 76
64 65
64 66
64 70
64 81
64 96
65 77
67 69
68 72
69 71
69 74
71 73
78 79
79 80
81 82
82 83
83 84
84 85
85 86
86 87
87 88
88 89
88 97
88 98
89 90
90 91
91 92
92 93
93 94
94 95
95 96
97 98
100 103
1 2
1 13
1 14
1 16
2 3
3 4
4 5
5 6
5 17
5 34
6 7
7 8
8 9
9 10
10 11
11 12
12 13
13 35
13 49
14 15
17 18
18 19
19 20
19 50
19 88
20 21
21 22
22 23
23 24
24 25
25 26
26 27
27 28
28 29
29 30
30 31
31 32
32 33
33 34
35 36
36 37
37 38
38 39
39 40
40 41
41 42
42 43
43 44
44 45
45 46
46 47
47 48
48 49
50 51
51 52
52 53
53 54
54 55
55 56
56 57
57 58
58 59
59 60
60 61
61 62
62 63
63 64
64 65
65 66
66 67
66 94
66 95
66 96
67 68
68 69
69 70
70 71
71 72
72 73
73 74
73 89
74 75
75 76
76 77
77 78
78 79
79 80
80 81
81 82
82 83
83 84
84 85
85 86
86 87
87 88
89 90
89 92
90 91
91 93
96 97
96 98
98 99
98 100
100 105
1 2
1 3
1 16
2 8
3 4
3 7
3 12
4 5
4 10
4 11
4 74
4 86
5 6
5 18
8 9
9 17
10 14
10 15
11 13
11 20
13 19
17 32
17 37
19 21
19 31
21 22
22 23
23 24
23 38
23 56
23 68
23 71
24 25
25 26
26 27
27 28
28 29
29 30
30 31
32 33
33 34
34 35
34 100
35 36
36 37
38 39
39 40
40 41
41 42
42 43
43 44
44 45
45 46
45 59
45 67
46 47
47 48
48 49
49 50
50 51
51 52
52 53
52 57
52 58
53 54
54 55
55 56
59 60
60 61
61 62
62 63
63 64
64 65
65 66
66 67
68 69
68 70
70 73
71 72
74 75
75 76
76 77
77 78
78 79
79 80
79 87
79 96
80 81
81 82
82 83
83 84
84 85
85 86
87 88
88 89
89 90
90 91
91 92
92 93
93 94
94 95
95 96
96 97
96 98
96 99
100 106
1 2
1 8
1 49
1 55
2 3
3 4
3 9
3 18
4 5
5 6
6 7
7 8
9 10
10 11
11 12
12 13
13 14
14 15
14 19
14 20
15 16
15 24
15 31
16 17
16 37
16 38
16 39
16 40
17 18
19 22
19 23
20 21
24 25
25 26
26 27
26 100
27 28
28 29
29 30
30 31
31 32
32 33
32 34
32 35
32 36
37 48
38 41
39 46
40 42
40 44
42 43
44 45
45 47
46 97
46 99
49 50
49 56
49 59
49 63
49 84
49 96
50 51
51 52
52 53
53 54
54 55
56 57
56 58
56 61
56 62
58 60
58 65
58 67
58 71
59 66
60 73
60 83
61 64
61 70
65 68
66 69
68 72
73 74
74 75
75 76
76 77
77 78
78 79
79 80
80 81
81 82
82 83
84 85
85 86
86 87
87 88
88 89
89 90
90 91
91 92
92 93
93 94
94 95
95 96
97 98
98 99
100 109
1 2
1 8
1 25
1 26
2 3
2 37
2 56
3 4
4 5
5 6
6 7
7 8
8 9
8 16
9 10
10 11
11 12
11 17
11 24
12 13
13 14
14 15
14 77
14 89
15 16
15 27
15 36
17 18
18 19
19 20
20 21
21 22
22 23
23 24
25 26
27 28
28 29
29 30
30 31
31 32
32 33
33 34
34 35
34 57
34 73
35 36
37 38
38 39
39 40
40 41
41 42
42 43
43 44
44 45
45 46
46 47
46 90
46 98
47 48
48 49
49 50
50 51
51 52
52 53
52 74
53 54
54 55
55 56
57 58
58 59
59 60
60 61
61 62
62 63
63 64
64 65
65 66
66 67
67 68
68 69
69 70
70 71
71 72
72 73
74 75
75 76
77 78
78 79
79 80
80 81
81 82
82 83
83 84
84 85
85 86
86 87
87 88
88 89
90 91
91 92
92 93
93 94
94 95
95 96
95 99
95 100
96 97
97 98
99 100
100 102
1 2
1 6
1 10
1 12
1 17
2 3
3 4
3 9
3 11
3 18
3 20
3 26
4 5
4 8
5 16
5 72
5 83
6 7
7 19
10 15
11 13
13 14
16 29
16 48
20 21
20 22
20 25
22 23
23 24
24 27
25 28
25 49
25 50
25 53
25 57
25 65
29 30
30 31
31 32
32 33
33 34
34 35
35 36
36 37
37 38
38 39
39 40
40 41
41 42
42 43
43 44
44 45
45 46
46 47
47 48
49 52
49 63
50 51
50 66
50 71
51 54
51 56
51 87
51 89
51 93
52 60
52 61
53 62
54 55
55 68
56 58
56 69
58 59
58 64
61 99
61 100
63 70
65 67
68 84
68 85
72 73
73 74
74 75
75 76
76 77
77 78
78 79
79 80
80 81
81 82
82 83
85 86
87 88
87 94
87 95
88 92
89 90
89 98
90 91
90 97
93 96
99 100
100 106
1 2
1 17
2 3
3 4
4 5
5 6
6 7
6 18
6 32
7 8
8 9
9 10
10 11
11 12
12 13
12 91
12 93
13 14
14 15
15 16
16 17
16 76
16 90
18 19
19 20
20 21
21 22
22 23
23 24
24 25
25 26
25 94
25 98
26 27
27 28
28 29
28 33
28 39
29 30
29 40
29 41
29 45
29 48
30 31
31 32
33 34
34 35
35 36
36 37
37 38
38 39
40 42
40 46
41 47
42 43
42 44
42 54
43 58
44 49
44 56
45 55
47 51
48 99
48 100
49 50
49 57
50 52
52 53
52 59
53 60
53 68
53 70
60 61
61 62
61 63
61 64
61 74
63 65
64 66
65 69
66 67
67 73
68 71
69 72
72 75
76 77
77 78
78 79
79 80
80 81
81 82
82 83
83 84
84 85
85 86
86 87
87 88
88 89
89 90
91 92
92 93
94 95
95 96
96 97
97 98
99 100
100 104
1 2
1 8
1 9
1 10
1 12
1 13
2 3
2 73
2 91
3 4
3 52
3 58
4 5
5 6
6 7
6 14
6 15
6 16
6 50
7 8
9 11
14 17
14 18
14 37
15 21
15 33
15 39
17 19
17 24
18 42
19 20
19 26
19 43
20 22
21 23
21 32
21 48
22 34
23 25
24 28
24 31
24 47
25 29
26 27
28 45
29 30
29 46
30 38
30 40
31 35
31 36
34 49
37 59
37 72
38 41
43 44
48 51
52 53
53 54
54 55
55 56
56 57
57 58
59 60
60 61
61 62
62 63
63 64
64 65
65 66
65 92
65 100
66 67
67 68
68 69
69 70
70 71
71 72
73 74
74 75
75 76
76 77
77 78
78 79
79 80
80 81
81 82
82 83
83 84
84 85
85 86
86 87
87 88
88 89
89 90
90 91
92 93
93 94
94 95
95 96
96 97
97 98
98 99
99 100
100 104
1 2
1 5
1 6
1 57
2 3
3 4
4 5
6 7
7 8
8 9
9 10
10 11
11 12
12 13
13 14
14 15
15 16
16 17
17 18
18 19
19 20
20 21
21 22
22 23
23 24
24 25
25 26
26 27
27 28
28 29
28 58
28 64
29 30
30 31
31 32
32 33
33 34
34 35
34 94
34 99
35 36
36 37
37 38
38 39
38 65
38 78
39 40
40 41
41 42
42 43
43 44
44 45
45 46
46 47
47 48
48 49
49 50
50 51
51 52
52 53
53 54
54 55
55 56
56 57
58 59
59 60
60 61
61 62
62 63
63 64
64 100
65 66
66 67
67 68
68 69
69 70
70 71
70 79
70 80
70 86
71 72
72 73
73 74
74 75
75 76
76 77
77 78
79 81
79 82
80 83
80 85
80 88
80 90
81 84
86 87
88 89
88 92
89 91
90 93
94 95
95 96
96 97
97 98
98 99
99 147
1 2
1 3
1 4
1 5
1 6
1 7
2 3
2 72
2 73
2 78
2 79
3 54
3 55
4 5
4 16
4 17
5 8
5 9
6 7
6 14
6 15
6 20
6 21
6 30
6 31
6 46
6 47
7 10
7 11
7 26
7 27
8 9
9 12
9 13
10 11
10 92
10 93
12 13
13 52
13 53
14 15
14 38
14 39
15 18
15 19
15 24
15 25
15 58
15 59
16 17
18 19
18 62
18 63
19 22
19 23
19 32
19 33
20 21
20 28
20 29
20 40
20 41
20 76
20 77
22 23
24 25
24 42
24 43
24 94
24 95
26 27
26 64
26 65
26 80
26 81
28 29
28 36
28 37
29 88
29 89
30 31
30 44
30 45
31 34
31 35
31 70
31 71
32 33
34 35
36 37
37 86
37 87
38 39
38 96
38 97
40 41
40 66
40 67
42 43
44 45
44 48
44 49
44 90
44 91
45 56
45 57
46 47
48 49
48 50
48 51
48 82
48 83
48 98
48 99
50 51
52 53
52 68
52 69
52 74
52 75
54 55
54 60
54 61
56 57
58 59
60 61
62 63
62 84
62 85
64 65
66 67
68 69
70 71
72 73
74 75
76 77
78 79
80 81
82 83
84 85
86 87
88 89
90 91
92 93
94 95
96 97
98 99
100 99
1 2
2 3
3 4
4 5
5 6
6 7
7 8
8 9
9 10
10 11
11 12
12 13
13 14
14 15
15 16
16 17
17 18
18 19
19 20
20 21
21 22
22 23
23 24
24 25
25 26
26 27
27 28
28 29
29 30
30 31
31 32
32 33
33 34
34 35
35 36
36 37
37 38
38 39
39 40
40 41
41 42
42 43
43 44
44 45
45 46
46 47
47 48
48 49
49 50
50 51
51 52
52 53
53 54
54 55
55 56
56 57
57 58
58 59
59 60
60 61
61 62
62 63
63 64
64 65
65 66
66 67
67 68
68 69
69 70
70 71
71 72
72 73
73 74
74 75
75 76
76 77
77 78
78 79
79 80
80 81
81 82
82 83
83 84
84 85
85 86
86 87
87 88
88 89
89 90
90 91
91 92
92 93
93 94
94 95
95 96
96 97
97 98
98 99
99 100
100 100
1 2
2 3
3 4
4 5
5 6
6 7
7 8
8 9
9 10
10 11
11 12
12 13
13 14
14 15
15 16
16 17
17 18
18 19
19 20
20 21
21 22
22 23
23 24
24 25
25 26
26 27
27 28
28 29
29 30
30 31
31 32
32 33
33 34
34 35
35 36
36 37
37 38
38 39
39 40
40 41
41 42
42 43
43 44
44 45
45 46
46 47
47 48
48 49
49 50
50 51
51 52
52 53
53 54
54 55
55 56
56 57
57 58
58 59
59 60
60 61
61 62
62 63
63 64
64 65
65 66
66 67
67 68
68 69
69 70
70 71
71 72
72 73
73 74
74 75
75 76
76 77
77 78
78 79
79 80
80 81
81 82
82 83
83 84
84 85
85 86
86 87
87 88
88 89
89 90
90 91
91 92
92 93
93 94
94 95
95 96
96 97
97 98
98 99
99 100
100 1
