22
4 3 1 15 15 1
0
20
28
0
1 2 FP
2 3 EW
3 4 N
4 4 20 1 20 20
0
62
5
0
1 2 N
2 4 N
1 3 N
3 4 E
9 14 4 3 2 1
0
10
7
6
4
3
2
1
0
1 2 FEWP
2 9 FEWP
2 3 N
3 9 N
2 4 FEW
4 9 FEW
4 5 N
5 9 N
4 6 FE
6 9 FE
6 7 N
7 9 N
6 8 F
9 8 N
24 30 500 500 500 500
0
0
10
0
10
0
0
0
10
0
0
10
0
0
10
0
0
0
0
10
0
0
10
0
1 2 N
1 3 N
2 4 N
3 4 N
4 5 N
4 6 N
5 7 N
6 7 N
8 7 N
9 7 N
10 8 N
10 9 N
11 10 N
10 12 N
13 11 N
12 13 N
13 16 N
13 15 N
16 14 N
15 14 N
14 17 N
14 20 N
17 19 N
19 18 N
20 21 N
18 21 N
21 22 N
23 21 N
22 24 N
24 23 N
2 0 5 5 5 5
0
0
50 49 65 50 35 27
0
1
1
1
1
1
1
1
1
1
1
1
1
1
1
1
1
1
1
1
1
1
1
1
1
1
1
1
1
1
1
1
1
1
1
1
1
1
1
1
1
1
1
1
1
1
1
1
1
0
1 2 N
2 3 N
3 4 N
4 5 N
5 6 N
6 7 N
7 8 N
8 9 N
9 10 N
10 11 N
11 12 N
12 13 N
13 14 N
14 15 N
15 16 N
16 17 N
17 18 N
18 19 N
19 20 N
20 21 N
21 22 N
22 23 N
23 24 N
24 25 N
25 26 N
26 27 N
27 28 N
28 29 N
29 30 N
30 31 N
31 32 N
32 33 N
33 34 N
34 35 N
35 36 N
36 37 N
37 38 N
38 39 N
39 40 N
40 41 N
41 42 N
42 43 N
43 44 N
44 45 N
45 46 N
46 47 N
47 48 N
48 49 N
49 50 N
24 38 50 0 0 0
0
5
5
5
5
5
5
5
5
5
5
5
5
5
5
5
5
5
5
5
5
5
5
0
1 2 F
1 3 E
1 4 W
1 5 P
2 24 FEW
3 24 EWP
4 24 WPF
5 24 FEWP
2 6 F
3 7 E
4 8 W
5 9 P
6 24 FW
7 24 EP
8 24 WF
9 24 PFE
6 10 F
7 11 E
8 12 W
9 13 P
10 24 FE
11 24 EW
12 24 WP
13 24 PF
10 14 F
14 24 N
11 15 E
15 16 N
16 24 N
12 17 W
17 18 N
18 19 N
19 24 N
13 20 P
20 21 N
21 22 N
22 23 N
23 24 N
24 38 0 50 0 0
0
5
5
5
5
5
5
5
5
5
5
5
5
5
5
5
5
5
5
5
5
5
5
0
1 2 F
1 3 E
1 4 W
1 5 P
2 24 FEW
3 24 EWP
4 24 WPF
5 24 FEWP
2 6 F
3 7 E
4 8 W
5 9 P
6 24 FW
7 24 EP
8 24 WF
9 24 PFE
6 10 F
7 11 E
8 12 W
9 13 P
10 24 FE
11 24 EW
12 24 WP
13 24 PF
10 14 F
14 24 N
11 15 E
15 16 N
16 24 N
12 17 W
17 18 N
18 19 N
19 24 N
13 20 P
20 21 N
21 22 N
22 23 N
23 24 N
24 38 0 0 50 0
0
5
5
5
5
5
5
5
5
5
5
5
5
5
5
5
5
5
5
5
5
5
5
0
1 2 F
1 3 E
1 4 W
1 5 P
2 24 FEW
3 24 EWP
4 24 WPF
5 24 FEWP
2 6 F
3 7 E
4 8 W
5 9 P
6 24 FW
7 24 EP
8 24 WF
9 24 PFE
6 10 F
7 11 E
8 12 W
9 13 P
10 24 FE
11 24 EW
12 24 WP
13 24 PF
10 14 F
14 24 N
11 15 E
15 16 N
16 24 N
12 17 W
17 18 N
18 19 N
19 24 N
13 20 P
20 21 N
21 22 N
22 23 N
23 24 N
24 38 0 0 0 50
0
5
5
5
5
5
5
5
5
5
5
5
5
5
5
5
5
5
5
5
5
5
5
0
1 2 F
1 3 E
1 4 W
1 5 P
2 24 FEW
3 24 EWP
4 24 WPF
5 24 FEWP
2 6 F
3 7 E
4 8 W
5 9 P
6 24 FW
7 24 EP
8 24 WF
9 24 PFE
6 10 F
7 11 E
8 12 W
9 13 P
10 24 FE
11 24 EW
12 24 WP
13 24 PF
10 14 F
14 24 N
11 15 E
15 16 N
16 24 N
12 17 W
17 18 N
18 19 N
19 24 N
13 20 P
20 21 N
21 22 N
22 23 N
23 24 N
24 38 0 0 0 0
0
5
5
5
5
5
5
5
5
5
5
5
5
5
5
5
5
5
5
5
5
5
5
0
1 2 F
1 3 E
1 4 W
1 5 P
2 24 FEW
3 24 EWP
4 24 WPF
5 24 FEWP
2 6 F
3 7 E
4 8 W
5 9 P
6 24 FW
7 24 EP
8 24 WF
9 24 PFE
6 10 F
7 11 E
8 12 W
9 13 P
10 24 FE
11 24 EW
12 24 WP
13 24 PF
10 14 F
14 24 N
11 15 E
15 16 N
16 24 N
12 17 W
17 18 N
18 19 N
19 24 N
13 20 P
20 21 N
21 22 N
22 23 N
23 24 N
24 38 0 0 50 50
0
5
5
5
5
5
5
5
5
5
5
5
5
5
5
5
5
5
5
5
5
5
5
0
1 2 F
1 3 E
1 4 W
1 5 P
2 24 FEW
3 24 EWP
4 24 WPF
5 24 FEWP
2 6 F
3 7 E
4 8 W
5 9 P
6 24 FW
7 24 EP
8 24 WF
9 24 PFE
6 10 F
7 11 E
8 12 W
9 13 P
10 24 FE
11 24 EW
12 24 WP
13 24 PF
10 14 F
14 24 N
11 15 E
15 16 N
16 24 N
12 17 W
17 18 N
18 19 N
19 24 N
13 20 P
20 21 N
21 22 N
22 23 N
23 24 N
24 38 0 50 0 50
0
5
5
5
5
5
5
5
5
5
5
5
5
5
5
5
5
5
5
5
5
5
5
0
1 2 F
1 3 E
1 4 W
1 5 P
2 24 FEW
3 24 EWP
4 24 WPF
5 24 FEWP
2 6 F
3 7 E
4 8 W
5 9 P
6 24 FW
7 24 EP
8 24 WF
9 24 PFE
6 10 F
7 11 E
8 12 W
9 13 P
10 24 FE
11 24 EW
12 24 WP
13 24 PF
10 14 F
14 24 N
11 15 E
15 16 N
16 24 N
12 17 W
17 18 N
18 19 N
19 24 N
13 20 P
20 21 N
21 22 N
22 23 N
23 24 N
24 38 0 50 50 0
0
5
5
5
5
5
5
5
5
5
5
5
5
5
5
5
5
5
5
5
5
5
5
0
1 2 F
1 3 E
1 4 W
1 5 P
2 24 FEW
3 24 EWP
4 24 WPF
5 24 FEWP
2 6 F
3 7 E
4 8 W
5 9 P
6 24 FW
7 24 EP
8 24 WF
9 24 PFE
6 10 F
7 11 E
8 12 W
9 13 P
10 24 FE
11 24 EW
12 24 WP
13 24 PF
10 14 F
14 24 N
11 15 E
15 16 N
16 24 N
12 17 W
17 18 N
18 19 N
19 24 N
13 20 P
20 21 N
21 22 N
22 23 N
23 24 N
24 38 0 50 50 50
0
5
5
5
5
5
5
5
5
5
5
5
5
5
5
5
5
5
5
5
5
5
5
0
1 2 F
1 3 E
1 4 W
1 5 P
2 24 FEW
3 24 EWP
4 24 WPF
5 24 FEWP
2 6 F
3 7 E
4 8 W
5 9 P
6 24 FW
7 24 EP
8 24 WF
9 24 PFE
6 10 F
7 11 E
8 12 W
9 13 P
10 24 FE
11 24 EW
12 24 WP
13 24 PF
10 14 F
14 24 N
11 15 E
15 16 N
16 24 N
12 17 W
17 18 N
18 19 N
19 24 N
13 20 P
20 21 N
21 22 N
22 23 N
23 24 N
24 38 50 0 0 50
0
5
5
5
5
5
5
5
5
5
5
5
5
5
5
5
5
5
5
5
5
5
5
0
1 2 F
1 3 E
1 4 W
1 5 P
2 24 FEW
3 24 EWP
4 24 WPF
5 24 FEWP
2 6 F
3 7 E
4 8 W
5 9 P
6 24 FW
7 24 EP
8 24 WF
9 24 PFE
6 10 F
7 11 E
8 12 W
9 13 P
10 24 FE
11 24 EW
12 24 WP
13 24 PF
10 14 F
14 24 N
11 15 E
15 16 N
16 24 N
12 17 W
17 18 N
18 19 N
19 24 N
13 20 P
20 21 N
21 22 N
22 23 N
23 24 N
24 38 50 0 50 0
0
5
5
5
5
5
5
5
5
5
5
5
5
5
5
5
5
5
5
5
5
5
5
0
1 2 F
1 3 E
1 4 W
1 5 P
2 24 FEW
3 24 EWP
4 24 WPF
5 24 FEWP
2 6 F
3 7 E
4 8 W
5 9 P
6 24 FW
7 24 EP
8 24 WF
9 24 PFE
6 10 F
7 11 E
8 12 W
9 13 P
10 24 FE
11 24 EW
12 24 WP
13 24 PF
10 14 F
14 24 N
11 15 E
15 16 N
16 24 N
12 17 W
17 18 N
18 19 N
19 24 N
13 20 P
20 21 N
21 22 N
22 23 N
23 24 N
24 38 50 0 50 50
0
5
5
5
5
5
5
5
5
5
5
5
5
5
5
5
5
5
5
5
5
5
5
0
1 2 F
1 3 E
1 4 W
1 5 P
2 24 FEW
3 24 EWP
4 24 WPF
5 24 FEWP
2 6 F
3 7 E
4 8 W
5 9 P
6 24 FW
7 24 EP
8 24 WF
9 24 PFE
6 10 F
7 11 E
8 12 W
9 13 P
10 24 FE
11 24 EW
12 24 WP
13 24 PF
10 14 F
14 24 N
11 15 E
15 16 N
16 24 N
12 17 W
17 18 N
18 19 N
19 24 N
13 20 P
20 21 N
21 22 N
22 23 N
23 24 N
24 38 50 50 0 0
0
5
5
5
5
5
5
5
5
5
5
5
5
5
5
5
5
5
5
5
5
5
5
0
1 2 F
1 3 E
1 4 W
1 5 P
2 24 FEW
3 24 EWP
4 24 WPF
5 24 FEWP
2 6 F
3 7 E
4 8 W
5 9 P
6 24 FW
7 24 EP
8 24 WF
9 24 PFE
6 10 F
7 11 E
8 12 W
9 13 P
10 24 FE
11 24 EW
12 24 WP
13 24 PF
10 14 F
14 24 N
11 15 E
15 16 N
16 24 N
12 17 W
17 18 N
18 19 N
19 24 N
13 20 P
20 21 N
21 22 N
22 23 N
23 24 N
24 38 50 50 0 50
0
5
5
5
5
5
5
5
5
5
5
5
5
5
5
5
5
5
5
5
5
5
5
0
1 2 F
1 3 E
1 4 W
1 5 P
2 24 FEW
3 24 EWP
4 24 WPF
5 24 FEWP
2 6 F
3 7 E
4 8 W
5 9 P
6 24 FW
7 24 EP
8 24 WF
9 24 PFE
6 10 F
7 11 E
8 12 W
9 13 P
10 24 FE
11 24 EW
12 24 WP
13 24 PF
10 14 F
14 24 N
11 15 E
15 16 N
16 24 N
12 17 W
17 18 N
18 19 N
19 24 N
13 20 P
20 21 N
21 22 N
22 23 N
23 24 N
24 38 50 50 50 0
0
5
5
5
5
5
5
5
5
5
5
5
5
5
5
5
5
5
5
5
5
5
5
0
1 2 F
1 3 E
1 4 W
1 5 P
2 24 FEW
3 24 EWP
4 24 WPF
5 24 FEWP
2 6 F
3 7 E
4 8 W
5 9 P
6 24 FW
7 24 EP
8 24 WF
9 24 PFE
6 10 F
7 11 E
8 12 W
9 13 P
10 24 FE
11 24 EW
12 24 WP
13 24 PF
10 14 F
14 24 N
11 15 E
15 16 N
16 24 N
12 17 W
17 18 N
18 19 N
19 24 N
13 20 P
20 21 N
21 22 N
22 23 N
23 24 N
24 38 50 50 50 50
0
5
5
5
5
5
5
5
5
5
5
5
5
5
5
5
5
5
5
5
5
5
5
0
1 2 F
1 3 E
1 4 W
1 5 P
2 24 FEW
3 24 EWP
4 24 WPF
5 24 FEWP
2 6 F
3 7 E
4 8 W
5 9 P
6 24 FW
7 24 EP
8 24 WF
9 24 PFE
6 10 F
7 11 E
8 12 W
9 13 P
10 24 FE
11 24 EW
12 24 WP
13 24 PF
10 14 F
14 24 N
11 15 E
15 16 N
16 24 N
12 17 W
17 18 N
18 19 N
19 24 N
13 20 P
20 21 N
21 22 N
22 23 N
23 24 N
