20
2
0 0 9.9
0 8.9 1.9
2
-2999.9 -2999.9 9.9
2999.9 2999.9 9.9
2
0 0 1
0 2 1
2
0 0 5
6 0 5
1
2999.3 2999.3 .5
2
0 0 5
0 3 3
3
0 0 5
0 3 3
1 10 4.3
4
0 0 5
0 3 3
1 10 4.3
100 100 70.2
5
0 0 5
0 3 3
1 10 4.3
100 100 70.2
200 300 170
2
0 0 9.99
0.1 0 9.99
2
0 0 9.99
0.3 0 9.99
2
0 0 9.99
19.97 0 9.99
2
0 0 9.99
15.0 0 9.99
2
0 0 5
0 4 3
5
10 10 9.9
20 5 9.9
30 10 9.9
40 5 9.9
50 10 9.9
10
0 0 .9
1 1 1.9
3 3 2.9
7 7 3.9
13 13 4.9
20 20 5.9
28 28 6.9
38 38 7.9
49 49 8.9
61 61 9.9
100
-2000.3 17.3 4.568537045001158
-1985.7214629549987 17.3 1.4142122696072634
-1974.2972506853914 17.3 5.811569147014259
-1958.475681538377 17.3 4.797674684285256
-1943.6680068540918 17.3 1.3681906151242995
-1932.2898162389674 17.3 1.453603744950902
-1920.8262124940165 17.3 7.672890258659715
-1903.143322235357 17.3 9.696845601362137
-1883.4364766339947 17.3 4.694422227145419
-1868.7320544068493 17.3 5.84274695725557
-1852.8793074495939 17.3 7.361948189440751
-1835.5073592601532 17.3 0.8709276755024253
-1824.6264315846508 17.3 4.110705106897386
-1810.5057264777536 17.3 1.5660423506891863
-1798.9296841270643 17.3 5.0362556898269775
-1783.8834284372374 17.3 4.464978772202121
-1769.4084496650353 17.3 2.6444592011010517
-1756.7539904639343 17.3 8.336529631708567
-1738.4074608322258 17.3 0.07948068618979898
-1728.317980146036 17.3 1.5736026404809178
-1716.7343775055551 17.3 4.701698894922969
-1702.022678610632 17.3 8.002397842153762
-1684.0102807684782 17.3 1.3247894863161658
-1672.675491282162 17.3 0.32683018223315874
-1662.338661099929 17.3 6.816312079738801
-1645.5123490201902 17.3 8.255185294856824
-1627.2471637253334 17.3 1.2848537917552283
-1615.9523099335781 17.3 5.731213650632477
-1600.2110962829456 17.3 6.041410847979463
-1584.1596854349661 17.3 2.4515006368281576
-1571.698184798138 17.3 2.911772458236884
-1558.7764123399013 17.3 1.7390949876255646
-1547.0273173522758 17.3 6.424948677999703
-1530.592368674276 17.3 4.010482458134488
-1516.5718862161416 17.3 0.7011819274129716
-1505.8607042887286 17.3 0.5756505181203841
-1495.275053770608 17.3 7.459073995845317
-1477.8059797747628 17.3 0.8121065915990311
-1466.9838731831637 17.3 4.058337878846187
-1452.9155353043175 17.3 0.22245565910900766
-1442.6830796452084 17.3 9.65244567650527
-1423.0206339687031 17.3 2.2968441221695657
-1410.7137898465335 17.3 9.759970699517448
-1390.943819147016 17.3 2.1379495132238158
-1378.795869633792 17.3 1.4470121608188813
-1367.3388574729731 17.3 9.55505841637757
-1347.7737990565956 17.3 2.074232149838954
-1335.6895669067567 17.3 7.789328228513204
-1317.8902386782436 17.3 8.585513523635449
-1299.2947251546082 17.3 6.594925563261266
-1282.6897995913469 17.3 3.642064888619112
-1269.0377347027277 17.3 4.377026527100601
-1254.6507081756272 17.3 1.733234240369801
-1242.9074739352575 17.3 9.190548924844489
-1223.706925010413 17.3 7.576842688812678
-1206.1200823216004 17.3 7.252097726889241
-1188.857984594711 17.3 0.6673031319499334
-1178.1806814627612 17.3 6.237329927913259
-1161.9333515348478 17.3 1.405146188123505
-1150.5182053467242 17.3 8.958433371436358
-1131.549771975288 17.3 3.6690941013826595
-1117.8706778739054 17.3 7.379551852261708
-1100.4811260216436 17.3 6.45005359535285
-1084.0210724262909 17.3 2.575911943482051
-1071.435160482809 17.3 8.890058250220584
-1052.5351022325883 17.3 9.825517474720213
-1032.699584757868 17.3 2.049339404919346
-1020.6402453529487 17.3 0.0972025630808393
-1010.5330427898679 17.3 0.40857439795160766
-1000.1144683919163 17.3 6.728477364873236
-983.375991027043 17.3 2.6044947558328513
-970.7614962712101 17.3 4.940091496206519
-955.8114047750037 17.3 5.45517370430538
-940.3462310706983 17.3 9.286974770970728
-921.0492562997276 17.3 6.872493173225019
-904.1667631265026 17.3 1.378840018560793
-892.7779231079418 17.3 0.8557619006576656
-881.9121612072842 17.3 4.8061197044719
-867.0960415028122 17.3 3.1407441238106983
-853.9452973790015 17.3 2.6722219901364808
-841.2630753888651 17.3 6.127224654730391
-825.1258507341347 17.3 3.3617051221878445
-811.7541456119469 17.3 0.966694564633247
-800.7774510473137 17.3 3.9725312300875757
-786.7949198172261 17.3 7.857070339607482
-768.9278494776186 17.3 6.421955657276351
-752.4958938203422 17.3 0.017046079401733527
-742.4688477409404 17.3 5.7189885643390905
-726.7398591766014 17.3 5.008527138715971
-711.7213320378854 17.3 1.8071024441509076
-699.9042295937345 17.3 9.207582677027856
-680.6866469167066 17.3 8.150619975419781
-662.5260269412869 17.3 7.6147794667522986
-644.9012474745346 17.3 0.7048595770614674
-634.1863878974731 17.3 4.823109255294078
-619.353278642179 17.3 7.8178159958605855
-601.5254626463185 17.3 1.960793777914971
-589.5546688684035 17.3 4.110271718265127
-575.4343971501384 17.3 4.588022000962686
-560.8363751491756 17.3 2.5284261017746132
100
-998.00 17.7 2.10
-988.05 17.7 8.11
-977.99 17.7 7.78
-966.83 17.7 9.41
-954.10 17.7 6.46
-945.85 17.7 1.93
-940.61 17.7 3.89
-931.32 17.7 6.58
-924.60 17.7 1.01
-920.98 17.7 3.57
-908.31 17.7 9.21
-898.65 17.7 8.67
-889.33 17.7 8.19
-880.52 17.7 2.04
-872.97 17.7 6.42
-866.33 17.7 1.33
-856.84 17.7 9.10
-844.59 17.7 5.31
-836.41 17.7 5.45
-825.78 17.7 5.53
-820.04 17.7 5.27
-814.44 17.7 1.36
-809.58 17.7 4.44
-800.12 17.7 8.10
-791.70 17.7 0.71
-782.61 17.7 8.55
-773.44 17.7 3.76
-765.60 17.7 6.27
-753.88 17.7 8.08
-744.72 17.7 2.51
-739.24 17.7 3.51
-726.69 17.7 9.35
-714.40 17.7 5.52
-704.82 17.7 9.13
-693.90 17.7 6.91
-685.69 17.7 3.44
-680.87 17.7 3.01
-673.49 17.7 5.64
-665.60 17.7 5.00
-655.41 17.7 7.56
-642.27 17.7 9.80
-628.98 17.7 4.41
-624.51 17.7 0.27
-622.46 17.7 1.93
-614.19 17.7 6.78
-601.26 17.7 6.51
-589.22 17.7 9.35
-579.56 17.7 1.69
-577.70 17.7 0.18
-572.90 17.7 4.64
-565.16 17.7 7.56
-556.78 17.7 2.00
-550.16 17.7 5.78
-541.36 17.7 7.45
-533.63 17.7 0.46
-530.43 17.7 2.78
-525.44 17.7 4.72
-514.80 17.7 9.87
-504.89 17.7 0.11
-501.01 17.7 3.86
-492.54 17.7 5.21
-483.72 17.7 6.43
-473.62 17.7 6.23
-465.20 17.7 3.95
-456.18 17.7 6.35
-446.26 17.7 7.33
-436.84 17.7 4.92
-422.84 17.7 9.18
-412.30 17.7 3.10
-402.56 17.7 9.05
-393.45 17.7 0.24
-383.80 17.7 9.56
-370.50 17.7 3.79
-365.70 17.7 4.37
-358.98 17.7 6.21
-350.48 17.7 4.23
-345.15 17.7 4.24
-332.85 17.7 8.62
-319.16 17.7 9.54
-301.88 17.7 8.67
-289.60 17.7 4.74
-284.24 17.7 1.87
-278.23 17.7 5.70
-267.88 17.7 9.89
-254.51 17.7 9.01
-244.29 17.7 9.16
-233.09 17.7 3.58
-222.79 17.7 7.74
-212.00 17.7 6.51
-203.78 17.7 3.16
-195.27 17.7 6.44
-187.94 17.7 3.30
-183.40 17.7 2.03
-175.75 17.7 6.52
-163.31 17.7 9.28
-151.15 17.7 7.58
-137.27 17.7 9.04
-127.67 17.7 3.44
-121.96 17.7 5.37
-113.13 17.7 6.38
99
10 10 9.9
20 5 9.8
30 10 9.9
40 5 9.8
50 10 9.9
60 5 9.8
70 10 9.9
80 5 9.8
90 10 9.9
100 5 9.8
110 10 9.9
120 5 9.8
130 10 9.9
140 5 9.8
150 10 9.9
160 5 9.8
170 10 9.9
180 5 9.8
190 10 9.9
200 5 9.8
210 10 9.9
220 5 9.8
230 10 9.9
240 5 9.8
250 10 9.9
260 5 9.8
270 10 9.9
280 5 9.8
290 10 9.9
300 5 9.8
310 10 9.9
320 5 9.8
330 10 9.9
340 5 9.8
350 10 9.9
360 5 9.8
370 10 9.9
380 5 9.8
390 10 9.9
400 5 9.8
410 10 9.9
420 5 9.8
430 10 9.9
440 5 9.8
450 10 9.9
460 5 9.8
470 10 9.9
480 5 9.8
490 10 9.9
500 5 9.8
510 10 9.9
520 5 9.8
530 10 9.9
540 5 9.8
550 10 9.9
560 5 9.8
570 10 9.9
580 5 9.8
590 10 9.9
600 5 9.8
610 10 9.9
620 5 9.8
630 10 9.9
640 5 9.8
650 10 9.9
660 5 9.8
670 10 9.9
680 5 9.8
690 10 9.9
700 5 9.8
710 10 9.9
720 5 9.8
730 10 9.9
740 5 9.8
750 10 9.9
760 5 9.8
770 10 9.9
780 5 9.8
790 10 9.9
800 5 9.8
810 10 9.9
820 5 9.8
830 10 9.9
840 5 9.8
850 10 9.9
860 5 9.8
870 10 9.9
880 5 9.8
890 10 9.9
900 5 9.8
910 10 9.9
920 5 9.8
930 10 9.9
940 5 9.8
950 10 9.9
960 5 9.8
970 10 9.9
980 5 9.8
990 10 9.9
100
100.00 0.00 3.12
99.82 6.00 3.96
99.28 11.97 3.25
98.38 17.90 3.14
97.13 23.77 3.69
95.53 29.55 3.47
93.59 35.23 3.45
91.31 40.78 3.81
88.70 46.18 3.26
85.77 51.41 3.08
82.53 56.46 3.08
79.00 61.31 3.99
75.18 65.94 3.80
71.09 70.33 3.16
66.75 74.46 3.87
62.16 78.33 3.25
57.35 81.92 3.23
52.34 85.21 3.63
47.13 88.20 3.68
41.76 90.86 3.26
36.24 93.20 3.60
30.58 95.21 3.75
24.82 96.87 3.17
18.96 98.19 3.03
13.04 99.15 3.52
7.07 99.75 3.69
1.08 99.99 3.21
-4.92 99.88 3.64
-10.90 99.40 3.88
-16.84 98.57 3.59
-22.72 97.38 3.23
-28.52 95.85 3.13
-34.21 93.96 3.52
-39.79 91.74 3.75
-45.22 89.19 3.64
-50.48 86.32 3.92
-55.57 83.14 3.70
-60.46 79.66 3.39
-65.12 75.89 3.35
-69.56 71.85 3.79
-73.74 67.55 3.27
-77.66 63.00 3.45
-81.30 58.23 3.16
-84.64 53.25 3.82
-87.68 48.08 3.62
-90.41 42.74 3.96
-92.81 37.24 3.81
-94.87 31.61 3.40
-96.60 25.86 3.71
-97.97 20.02 3.31
-99.00 14.11 3.22
-99.67 8.15 3.20
-99.98 2.16 3.34
-99.93 -3.84 3.90
-99.52 -9.82 3.74
-98.75 -15.77 3.44
-97.62 -21.67 3.60
-96.15 -27.48 3.81
-94.33 -33.20 3.64
-92.17 -38.80 3.62
-89.68 -44.25 3.97
-86.86 -49.55 3.14
-83.73 -54.67 3.92
-80.30 -59.59 3.75
-76.59 -64.30 3.78
-72.59 -68.78 3.71
-68.34 -73.01 3.51
-63.84 -76.97 3.57
-59.11 -80.66 3.80
-54.16 -84.06 3.11
-49.03 -87.16 3.26
-43.71 -89.94 3.44
-38.24 -92.40 3.51
-32.63 -94.53 3.41
-26.90 -96.31 3.75
-21.08 -97.75 3.06
-15.18 -98.84 3.46
-9.23 -99.57 3.66
-3.24 -99.95 3.91
2.76 -99.96 3.29
8.75 -99.62 3.21
14.71 -98.91 3.98
20.61 -97.85 3.41
26.44 -96.44 3.22
32.18 -94.68 3.80
37.80 -92.58 3.12
43.28 -90.15 3.48
48.61 -87.39 3.37
53.76 -84.32 3.58
58.72 -80.94 3.77
63.47 -77.28 3.34
67.99 -73.33 3.14
72.26 -69.12 3.77
76.28 -64.67 3.18
80.02 -59.97 3.68
83.47 -55.07 3.34
86.62 -49.96 3.21
89.46 -44.68 3.08
91.98 -39.24 3.60
94.17 -33.65 3.06
