3000
0.001
0.002
0.003
0.004
0.005
0.006
0.007
0.008
0.009
0.010
0.011
0.012
0.013
0.014
0.015
0.016
0.017
0.018
0.019
0.020
0.021
0.022
0.023
0.024
0.025
0.026
0.027
0.028
0.029
0.030
0.031
0.032
0.033
0.034
0.035
0.036
0.037
0.038
0.039
0.040
0.041
0.042
0.043
0.044
0.045
0.046
0.047
0.048
0.049
0.050
0.051
0.052
0.053
0.054
0.055
0.056
0.057
0.058
0.059
0.060
0.061
0.062
0.063
0.064
0.065
0.066
0.067
0.068
0.069
0.070
0.071
0.072
0.073
0.074
0.075
0.076
0.077
0.078
0.079
0.080
0.081
0.082
0.083
0.084
0.085
0.086
0.087
0.088
0.089
0.090
0.091
0.092
0.093
0.094
0.095
0.096
0.097
0.098
0.099
0.100
0.101
0.102
0.103
0.104
0.105
0.106
0.107
0.108
0.109
0.110
0.111
0.112
0.113
0.114
0.115
0.116
0.117
0.118
0.119
0.120
0.121
0.122
0.123
0.124
0.125
0.126
0.127
0.128
0.129
0.130
0.131
0.132
0.133
0.134
0.135
0.136
0.137
0.138
0.139
0.140
0.141
0.142
0.143
0.144
0.145
0.146
0.147
0.148
0.149
0.150
0.151
0.152
0.153
0.154
0.155
0.156
0.157
0.158
0.159
0.160
0.161
0.162
0.163
0.164
0.165
0.166
0.167
0.168
0.169
0.170
0.171
0.172
0.173
0.174
0.175
0.176
0.177
0.178
0.179
0.180
0.181
0.182
0.183
0.184
0.185
0.186
0.187
0.188
0.189
0.190
0.191
0.192
0.193
0.194
0.195
0.196
0.197
0.198
0.199
0.200
0.201
0.202
0.203
0.204
0.205
0.206
0.207
0.208
0.209
0.210
0.211
0.212
0.213
0.214
0.215
0.216
0.217
0.218
0.219
0.220
0.221
0.222
0.223
0.224
0.225
0.226
0.227
0.228
0.229
0.230
0.231
0.232
0.233
0.234
0.235
0.236
0.237
0.238
0.239
0.240
0.241
0.242
0.243
0.244
0.245
0.246
0.247
0.248
0.249
0.250
0.251
0.252
0.253
0.254
0.255
0.256
0.257
0.258
0.259
0.260
0.261
0.262
0.263
0.264
0.265
0.266
0.267
0.268
0.269
0.270
0.271
0.272
0.273
0.274
0.275
0.276
0.277
0.278
0.279
0.280
0.281
0.282
0.283
0.284
0.285
0.286
0.287
0.288
0.289
0.290
0.291
0.292
0.293
0.294
0.295
0.296
0.297
0.298
0.299
0.300
0.301
0.302
0.303
0.304
0.305
0.306
0.307
0.308
0.309
0.310
0.311
0.312
0.313
0.314
0.315
0.316
0.317
0.318
0.319
0.320
0.321
0.322
0.323
0.324
0.325
0.326
0.327
0.328
0.329
0.330
0.331
0.332
0.333
0.334
0.335
0.336
0.337
0.338
0.339
0.340
0.341
0.342
0.343
0.344
0.345
0.346
0.347
0.348
0.349
0.350
0.351
0.352
0.353
0.354
0.355
0.356
0.357
0.358
0.359
0.360
0.361
0.362
0.363
0.364
0.365
0.366
0.367
0.368
0.369
0.370
0.371
0.372
0.373
0.374
0.375
0.376
0.377
0.378
0.379
0.380
0.381
0.382
0.383
0.384
0.385
0.386
0.387
0.388
0.389
0.390
0.391
0.392
0.393
0.394
0.395
0.396
0.397
0.398
0.399
0.400
0.401
0.402
0.403
0.404
0.405
0.406
0.407
0.408
0.409
0.410
0.411
0.412
0.413
0.414
0.415
0.416
0.417
0.418
0.419
0.420
0.421
0.422
0.423
0.424
0.425
0.426
0.427
0.428
0.429
0.430
0.431
0.432
0.433
0.434
0.435
0.436
0.437
0.438
0.439
0.440
0.441
0.442
0.443
0.444
0.445
0.446
0.447
0.448
0.449
0.450
0.451
0.452
0.453
0.454
0.455
0.456
0.457
0.458
0.459
0.460
0.461
0.462
0.463
0.464
0.465
0.466
0.467
0.468
0.469
0.470
0.471
0.472
0.473
0.474
0.475
0.476
0.477
0.478
0.479
0.480
0.481
0.482
0.483
0.484
0.485
0.486
0.487
0.488
0.489
0.490
0.491
0.492
0.493
0.494
0.495
0.496
0.497
0.498
0.499
0.500
0.501
0.502
0.503
0.504
0.505
0.506
0.507
0.508
0.509
0.510
0.511
0.512
0.513
0.514
0.515
0.516
0.517
0.518
0.519
0.520
0.521
0.522
0.523
0.524
0.525
0.526
0.527
0.528
0.529
0.530
0.531
0.532
0.533
0.534
0.535
0.536
0.537
0.538
0.539
0.540
0.541
0.542
0.543
0.544
0.545
0.546
0.547
0.548
0.549
0.550
0.551
0.552
0.553
0.554
0.555
0.556
0.557
0.558
0.559
0.560
0.561
0.562
0.563
0.564
0.565
0.566
0.567
0.568
0.569
0.570
0.571
0.572
0.573
0.574
0.575
0.576
0.577
0.578
0.579
0.580
0.581
0.582
0.583
0.584
0.585
0.586
0.587
0.588
0.589
0.590
0.591
0.592
0.593
0.594
0.595
0.596
0.597
0.598
0.599
0.600
0.601
0.602
0.603
0.604
0.605
0.606
0.607
0.608
0.609
0.610
0.611
0.612
0.613
0.614
0.615
0.616
0.617
0.618
0.619
0.620
0.621
0.622
0.623
0.624
0.625
0.626
0.627
0.628
0.629
0.630
0.631
0.632
0.633
0.634
0.635
0.636
0.637
0.638
0.639
0.640
0.641
0.642
0.643
0.644
0.645
0.646
0.647
0.648
0.649
0.650
0.651
0.652
0.653
0.654
0.655
0.656
0.657
0.658
0.659
0.660
0.661
0.662
0.663
0.664
0.665
0.666
0.667
0.668
0.669
0.670
0.671
0.672
0.673
0.674
0.675
0.676
0.677
0.678
0.679
0.680
0.681
0.682
0.683
0.684
0.685
0.686
0.687
0.688
0.689
0.690
0.691
0.692
0.693
0.694
0.695
0.696
0.697
0.698
0.699
0.700
0.701
0.702
0.703
0.704
0.705
0.706
0.707
0.708
0.709
0.710
0.711
0.712
0.713
0.714
0.715
0.716
0.717
0.718
0.719
0.720
0.721
0.722
0.723
0.724
0.725
0.726
0.727
0.728
0.729
0.730
0.731
0.732
0.733
0.734
0.735
0.736
0.737
0.738
0.739
0.740
0.741
0.742
0.743
0.744
0.745
0.746
0.747
0.748
0.749
0.750
0.751
0.752
0.753
0.754
0.755
0.756
0.757
0.758
0.759
0.760
0.761
0.762
0.763
0.764
0.765
0.766
0.767
0.768
0.769
0.770
0.771
0.772
0.773
0.774
0.775
0.776
0.777
0.778
0.779
0.780
0.781
0.782
0.783
0.784
0.785
0.786
0.787
0.788
0.789
0.790
0.791
0.792
0.793
0.794
0.795
0.796
0.797
0.798
0.799
0.800
0.801
0.802
0.803
0.804
0.805
0.806
0.807
0.808
0.809
0.810
0.811
0.812
0.813
0.814
0.815
0.816
0.817
0.818
0.819
0.820
0.821
0.822
0.823
0.824
0.825
0.826
0.827
0.828
0.829
0.830
0.831
0.832
0.833
0.834
0.835
0.836
0.837
0.838
0.839
0.840
0.841
0.842
0.843
0.844
0.845
0.846
0.847
0.848
0.849
0.850
0.851
0.852
0.853
0.854
0.855
0.856
0.857
0.858
0.859
0.860
0.861
0.862
0.863
0.864
0.865
0.866
0.867
0.868
0.869
0.870
0.871
0.872
0.873
0.874
0.875
0.876
0.877
0.878
0.879
0.880
0.881
0.882
0.883
0.884
0.885
0.886
0.887
0.888
0.889
0.890
0.891
0.892
0.893
0.894
0.895
0.896
0.897
0.898
0.899
0.900
0.901
0.902
0.903
0.904
0.905
0.906
0.907
0.908
0.909
0.910
0.911
0.912
0.913
0.914
0.915
0.916
0.917
0.918
0.919
0.920
0.921
0.922
0.923
0.924
0.925
0.926
0.927
0.928
0.929
0.930
0.931
0.932
0.933
0.934
0.935
0.936
0.937
0.938
0.939
0.940
0.941
0.942
0.943
0.944
0.945
0.946
0.947
0.948
0.949
0.950
0.951
0.952
0.953
0.954
0.955
0.956
0.957
0.958
0.959
0.960
0.961
0.962
0.963
0.964
0.965
0.966
0.967
0.968
0.969
0.970
0.971
0.972
0.973
0.974
0.975
0.976
0.977
0.978
0.979
0.980
0.981
0.982
0.983
0.984
0.985
0.986
0.987
0.988
0.989
0.990
0.991
0.992
0.993
0.994
0.995
0.996
0.997
0.998
0.999
1.000
1
2
3
4
5
6
7
8
9
10
11
12
13
14
15
16
17
18
19
20
21
22
23
24
25
26
27
28
29
30
31
32
33
34
35
36
37
38
39
40
41
42
43
44
45
46
47
48
49
50
51
52
53
54
55
56
57
58
59
60
61
62
63
64
65
66
67
68
69
70
71
72
73
74
75
76
77
78
79
80
81
82
83
84
85
86
87
88
89
90
91
92
93
94
95
96
97
98
99
100
101
102
103
104
105
106
107
108
109
110
111
112
113
114
115
116
117
118
119
120
121
122
123
124
125
126
127
128
129
130
131
132
133
134
135
136
137
138
139
140
141
142
143
144
145
146
147
148
149
150
151
152
153
154
155
156
157
158
159
160
161
162
163
164
165
166
167
168
169
170
171
172
173
174
175
176
177
178
179
180
181
182
183
184
185
186
187
188
189
190
191
192
193
194
195
196
197
198
199
200
201
202
203
204
205
206
207
208
209
210
211
212
213
214
215
216
217
218
219
220
221
222
223
224
225
226
227
228
229
230
231
232
233
234
235
236
237
238
239
240
241
242
243
244
245
246
247
248
249
250
251
252
253
254
255
256
257
258
259
260
261
262
263
264
265
266
267
268
269
270
271
272
273
274
275
276
277
278
279
280
281
282
283
284
285
286
287
288
289
290
291
292
293
294
295
296
297
298
299
300
301
302
303
304
305
306
307
308
309
310
311
312
313
314
315
316
317
318
319
320
321
322
323
324
325
326
327
328
329
330
331
332
333
334
335
336
337
338
339
340
341
342
343
344
345
346
347
348
349
350
351
352
353
354
355
356
357
358
359
360
361
362
363
364
365
366
367
368
369
370
371
372
373
374
375
376
377
378
379
380
381
382
383
384
385
386
387
388
389
390
391
392
393
394
395
396
397
398
399
400
401
402
403
404
405
406
407
408
409
410
411
412
413
414
415
416
417
418
419
420
421
422
423
424
425
426
427
428
429
430
431
432
433
434
435
436
437
438
439
440
441
442
443
444
445
446
447
448
449
450
451
452
453
454
455
456
457
458
459
460
461
462
463
464
465
466
467
468
469
470
471
472
473
474
475
476
477
478
479
480
481
482
483
484
485
486
487
488
489
490
491
492
493
494
495
496
497
498
499
500
501
502
503
504
505
506
507
508
509
510
511
512
513
514
515
516
517
518
519
520
521
522
523
524
525
526
527
528
529
530
531
532
533
534
535
536
537
538
539
540
541
542
543
544
545
546
547
548
549
550
551
552
553
554
555
556
557
558
559
560
561
562
563
564
565
566
567
568
569
570
571
572
573
574
575
576
577
578
579
580
581
582
583
584
585
586
587
588
589
590
591
592
593
594
595
596
597
598
599
600
601
602
603
604
605
606
607
608
609
610
611
612
613
614
615
616
617
618
619
620
621
622
623
624
625
626
627
628
629
630
631
632
633
634
635
636
637
638
639
640
641
642
643
644
645
646
647
648
649
650
651
652
653
654
655
656
657
658
659
660
661
662
663
664
665
666
667
668
669
670
671
672
673
674
675
676
677
678
679
680
681
682
683
684
685
686
687
688
689
690
691
692
693
694
695
696
697
698
699
700
701
702
703
704
705
706
707
708
709
710
711
712
713
714
715
716
717
718
719
720
721
722
723
724
725
726
727
728
729
730
731
732
733
734
735
736
737
738
739
740
741
742
743
744
745
746
747
748
749
750
751
752
753
754
755
756
757
758
759
760
761
762
763
764
765
766
767
768
769
770
771
772
773
774
775
776
777
778
779
780
781
782
783
784
785
786
787
788
789
790
791
792
793
794
795
796
797
798
799
800
801
802
803
804
805
806
807
808
809
810
811
812
813
814
815
816
817
818
819
820
821
822
823
824
825
826
827
828
829
830
831
832
833
834
835
836
837
838
839
840
841
842
843
844
845
846
847
848
849
850
851
852
853
854
855
856
857
858
859
860
861
862
863
864
865
866
867
868
869
870
871
872
873
874
875
876
877
878
879
880
881
882
883
884
885
886
887
888
889
890
891
892
893
894
895
896
897
898
899
900
901
902
903
904
905
906
907
908
909
910
911
912
913
914
915
916
917
918
919
920
921
922
923
924
925
926
927
928
929
930
931
932
933
934
935
936
937
938
939
940
941
942
943
944
945
946
947
948
949
950
951
952
953
954
955
956
957
958
959
960
961
962
963
964
965
966
967
968
969
970
971
972
973
974
975
976
977
978
979
980
981
982
983
984
985
986
987
988
989
990
991
992
993
994
995
996
997
998
999
1000
52.663545
731.892766
615.626344
511.401173
155.722002
644.609315
599.336982
831.746810
635.091927
860.579556
967.181621
980.039006
243.840314
946.713448
559.285874
61.476367
173.204795
296.893643
431.552392
278.199550
80.366055
628.508587
294.479101
23.070164
16.873296
639.408204
388.160181
600.342765
867.920208
891.482981
628.779415
153.723254
155.940394
895.573326
360.021067
849.405885
52.450085
765.609083
83.125947
568.468579
979.712775
857.760335
31.810448
69.480776
718.633902
742.948654
192.944542
118.339931
41.315516
18.324074
670.749475
328.202761
855.909982
815.256189
941.328773
837.914167
397.807737
458.018958
555.586633
962.561485
474.778693
978.666684
342.015270
424.693729
814.457945
609.604991
56.447820
109.345264
450.525652
636.053717
573.676912
180.290280
739.077261
705.979420
575.828289
878.929259
879.014575
505.143821
544.557153
650.870341
729.809084
379.670161
618.500220
968.618813
46.698477
987.972867
553.968858
21.824042
57.273653
808.026828
425.608959
199.258862
314.497153
114.770718
414.681418
669.117784
379.465908
285.945303
125.731546
316.320133
732.689897
362.859807
367.719186
807.291852
875.304944
75.461915
363.171076
354.173333
11.471601
238.653674
508.594952
891.563856
170.233908
999.052879
751.260075
19.761995
59.320693
218.341570
631.501651
228.998819
834.768219
200.975349
655.946584
39.385228
548.827548
420.344704
665.486176
91.207147
604.390993
718.485609
132.436203
539.801078
957.131413
300.130453
144.127987
168.531160
256.693963
222.270535
75.163603
762.361441
45.614863
15.470219
347.746937
203.181238
909.162198
772.928421
888.867013
686.389585
811.003586
387.726887
134.662756
76.282447
378.501328
507.834691
226.038950
435.511231
477.520439
612.258041
485.530356
781.292631
469.905454
690.228876
483.526810
518.149956
787.241976
48.520578
362.274113
53.752986
682.164347
419.858508
368.556652
260.898013
833.305847
767.962879
390.644495
434.831834
592.008279
62.015975
531.953621
950.973361
268.117712
855.290316
432.920587
273.622810
758.589012
49.304221
53.832466
651.474206
376.205933
386.190241
134.782015
790.658108
156.495303
767.967411
414.531600
570.641358
648.872414
672.102070
887.873558
202.598035
273.201405
578.122104
171.064136
543.839949
625.288414
380.118794
967.085886
605.557496
514.346931
154.725368
436.859308
44.471127
182.183182
303.605513
599.076029
102.030656
497.746690
793.615361
920.067743
597.524754
611.774385
96.621140
306.050877
323.874401
314.528701
414.460564
183.204078
766.984085
165.088531
232.729098
866.337051
351.311833
973.299055
149.953514
174.400082
875.793131
755.319718
916.283056
610.761026
745.416551
560.731806
998.084905
478.042227
214.598069
193.375400
811.773466
871.362166
79.038601
709.482606
951.834213
650.066649
432.973195
15.257434
684.321125
946.463072
258.633357
591.824361
298.112495
540.685199
344.342706
798.426880
461.903338
823.619786
546.953853
454.903239
255.293506
634.815938
293.308949
671.801017
257.398902
449.475899
44.067825
331.013753
166.169052
727.991615
821.598422
101.531037
296.037787
423.043649
911.660127
593.791236
690.664435
453.019400
416.336006
442.208713
881.341365
326.435713
913.081794
388.719866
890.149890
470.165426
341.858892
820.650651
810.139119
64.570910
719.106365
113.855183
112.684212
411.137524
53.780667
146.908585
814.747978
922.877364
196.854630
514.159201
986.026150
804.639726
601.516787
404.653829
47.899929
329.516512
716.848564
110.346473
172.749801
618.771704
12.982415
690.584780
603.504043
296.151486
70.655476
850.640036
319.299708
123.046833
542.673100
430.005587
663.828787
258.783197
499.083466
441.334911
648.321840
210.302187
391.839976
743.224514
671.190564
727.677633
88.388746
549.568449
121.106207
456.274008
176.969749
114.920420
639.734355
842.907707
409.456060
919.195205
814.477108
422.111857
220.280742
566.126020
630.392571
899.533289
162.413169
178.165305
393.966894
42.605277
623.445858
185.975742
819.607832
363.942652
276.640128
603.304453
432.609404
140.395956
493.253544
597.867575
809.905809
960.378905
623.634340
495.894139
152.188576
393.949192
855.417242
762.186302
57.903917
894.174672
427.692581
638.950492
851.278788
254.557842
200.245015
245.237366
552.841898
185.718797
846.870520
74.600073
991.912172
635.152436
561.379439
681.539463
256.220184
706.678130
524.181030
247.451259
774.209426
481.190580
696.319349
344.124190
710.631977
597.498022
896.492051
177.359517
625.809699
401.399442
704.934136
744.991548
993.374949
812.705046
676.084879
222.485018
60.435696
43.644474
99.681395
875.369327
927.928673
208.035147
747.334097
561.041031
637.429691
898.697939
298.739138
482.925071
83.883435
380.910861
378.469759
567.631597
171.596789
722.180662
980.763320
370.579136
133.406653
143.291014
545.882907
557.576850
240.190916
662.450427
777.481635
819.066814
559.832581
343.416148
715.935505
690.124461
771.379813
889.710458
157.834648
472.898712
731.461493
400.473441
426.735401
978.945586
296.024793
369.111536
644.874984
256.866951
811.154070
833.704208
429.837578
665.813838
892.111288
828.120811
694.135729
307.746468
159.807035
574.977765
379.332333
410.865723
268.666064
365.931428
689.678852
923.339101
59.295938
871.354709
203.281767
110.340773
213.497036
20.185562
61.534638
958.509583
997.971153
111.663445
659.964795
250.200145
486.591841
323.785086
465.742997
215.361241
849.292653
788.613155
808.892543
101.521920
948.510573
772.062709
505.707647
742.200435
521.690055
555.466567
274.054154
171.071494
310.609318
518.087469
391.074210
223.437627
145.233406
963.796376
564.354688
727.945623
931.429860
841.377622
527.842867
590.074012
788.200864
396.348202
953.705501
354.688556
621.091764
282.794772
60.926874
777.921695
214.129153
326.533954
510.728431
698.778584
183.022673
315.892193
647.867543
228.206233
147.432761
823.578821
295.534486
87.883554
229.862929
72.491411
199.916945
372.699729
193.177823
79.845437
978.538056
499.783727
657.880117
467.759809
184.198826
503.033084
334.096523
114.358541
293.767605
155.360399
571.729980
697.563166
828.159298
511.335655
515.428133
264.053738
926.633800
680.548817
658.898906
28.366448
395.017696
466.850949
925.672456
911.773493
83.615878
610.653776
360.664855
227.456091
96.428644
110.676673
888.841748
547.534285
548.827379
717.926174
253.911751
268.757567
616.066644
608.277622
471.296876
197.087826
119.922046
360.799367
505.634005
937.021386
225.343623
256.919823
243.753959
789.300149
713.300851
930.683206
369.466518
570.651029
759.970639
842.674401
826.546937
71.371902
466.081159
49.714797
971.076606
60.946369
253.574672
999.139556
133.732681
878.423167
719.788870
20.363871
16.753480
823.035861
772.081465
687.529104
339.123861
241.466402
618.234572
815.291644
967.031249
491.271109
840.075122
575.276133
204.836065
345.290913
809.534514
613.361234
64.681413
249.357054
507.845715
137.799960
140.434750
425.282196
369.737477
405.198398
983.910929
332.991298
825.335701
535.585115
88.268322
219.699702
23.018399
529.200782
195.101622
90.286211
526.695954
746.220534
278.072729
301.436373
230.899750
16.394238
236.926725
422.746781
896.662655
428.547638
291.434197
700.783456
790.461387
960.034729
425.180956
737.078219
337.465557
473.565475
44.195461
468.224022
909.000304
573.353915
905.159572
605.596225
992.479117
364.241666
602.391737
83.778558
950.100542
376.347360
761.922761
740.513794
530.326815
623.877271
24.802321
946.926099
363.574899
820.003386
850.280809
114.877625
850.650073
70.174300
462.703602
388.624535
419.238730
393.871159
473.836638
170.427975
380.252546
609.654025
424.909775
694.453124
811.977349
690.366533
59.920943
570.154837
235.830610
874.574840
813.686701
385.400953
243.067496
336.713942
444.756464
900.824597
327.001188
841.997927
124.625348
600.324845
440.214168
552.922814
520.686949
208.249885
330.837729
222.148968
981.060350
271.599833
456.263468
791.696997
194.806854
355.576634
916.625272
380.724909
921.119931
562.985926
14.052644
783.675679
15.827931
632.361384
847.045560
997.293610
992.992826
676.234426
222.358136
808.904030
953.518133
989.712549
679.503275
729.435144
621.498567
50.457394
135.402433
182.932210
142.549381
834.268809
278.803961
509.773121
916.546443
445.783565
745.881117
133.441137
430.089644
361.288465
369.895082
430.544437
231.569765
660.324196
528.970453
660.793398
333.975599
764.622677
786.880613
227.855974
677.520866
636.972287
562.276905
33.407688
565.801597
898.846506
202.020671
755.276582
985.513027
284.058638
864.189333
866.355538
160.760903
96.320793
385.926540
123.912780
858.695144
361.388082
530.594858
249.078171
53.575320
259.458779
477.662498
213.616767
621.445104
160.679637
637.419252
45.622601
507.348937
595.970275
650.965079
897.474927
21.467899
816.933349
213.952898
478.294923
829.681924
392.357529
160.290985
159.225655
287.884353
564.748161
589.423209
743.129368
157.880638
718.435579
737.904221
710.754389
925.896210
181.113510
992.774422
953.071822
322.599412
163.151075
820.713780
204.314790
796.113881
473.698412
213.115762
942.275630
166.750554
739.472543
983.072474
791.624316
404.132639
651.161431
565.798803
622.408966
644.018168
743.625839
609.248206
769.482488
593.442872
719.504966
756.585148
889.371302
668.811658
111.448193
736.778150
599.060630
12.261037
405.997340
123.865188
366.318210
566.995123
502.134136
529.417310
393.511059
902.366456
229.685921
356.388912
346.392422
524.228476
407.146761
825.892005
866.044628
335.530519
685.025056
931.469867
846.059725
486.256030
679.568060
738.169270
178.124693
700.623959
702.641930
606.122909
627.448238
292.978827
486.661257
250.453407
164.926302
231.988008
758.763978
711.097031
435.589362
65.646358
565.919151
237.620192
22.708509
847.155756
412.331238
305.263810
33.958979
124.003829
222.371328
479.299962
340.248912
519.509147
96.317029
225.322883
659.217117
947.730669
492.424184
453.320498
13.988288
28.958242
407.280532
643.284949
13.544819
974.006490
407.006893
19.720468
514.034152
721.227699
304.674507
751.693410
820.476405
170.540245
264.296772
324.044598
535.671397
843.837593
828.931843
534.045743
757.625646
740.898595
329.797724
546.131366
948.528616
254.363365
404.854029
865.375263
137.204378
526.469384
459.044864
228.104106
603.048512
774.061756
714.325353
415.454387
592.731773
656.896206
445.708995
332.776685
431.410823
597.448044
789.876144
944.580347
947.833035
738.319947
155.374319
391.184422
857.556211
225.910880
788.118169
159.404150
650.525581
656.263370
732.762748
235.451337
548.459488
20.950522
519.576209
53.763826
613.891449
597.494418
497.678328
210.704715
826.300723
410.126310
828.938855
496.982990
461.534214
52.704489
182.445269
937.247803
508.682590
186.299609
327.251901
549.595356
333.718832
769.337403
731.112786
971.701569
841.542404
468.257854
25.078220
533.956622
807.593015
61.405020
888.200513
863.326537
836.907350
358.305730
943.146883
114.704025
672.388437
730.625577
72.257620
569.235744
205.141258
279.909625
814.515744
761.525146
468.000090
740.720550
397.009317
209.709413
588.831299
515.980880
199.770248
424.196487
